300                                               9.926184962359313                                 7.619035864579892
305                                               16.73844923108447                                 9.168083826257496
309.99999999999994                                26.744735837941125                                12.523753549821544
314.99999999999994                                34.402431863842104                                18.413429058766813
319.99999999999994                                30.05635288001115                                 27.893521292500523
325                                               9.810668909394256                                 36.8702819105736
330                                               4.546375100651235                                 32.86391258423672
335                                               24.546703153102715                                22.42124420323544
340                                               44.917435980122065                                15.887445521788393
345                                               58.498633625783626                                13.279000561896583
350                                               65.94403008615426                                 13.58085770061752
355                                               66.87423136780336                                 17.460181380611402
360                                               55.32618124177316                                 29.097068840810586
364.99999999999994                                16.376930438669703                                55.0005526677593
369.99999999999994                                12.231631448995534                                48.946746225942405
374.99999999999994                                51.55003979558719                                 22.11608994974851
379.99999999999994                                70.79551980095769                                 11.546494115451086
385                                               79.549839179655                                   7.642545941590654
390                                               84.03613443839188                                 6.174002944854742
395                                               86.31835656093403                                 5.943876149757711
400                                               86.88126544887987                                 6.811682291389872
405                                               84.97013350296216                                 9.53030332289984
410                                               76.50135540794173                                 17.35842648174837
415                                               42.37149743185597                                 44.01753481188195
419.99999999999994                                6.230893152278122                                 64.93945095131006
424.99999999999994                                60.65245581608728                                 22.970733893426786
429.99999999999994                                80.63476831114588                                 9.478218200046038
434.99999999999994                                87.65245864362883                                 5.24487707417068
439.99999999999994                                90.86350889324393                                 3.5446419821784794
445                                               92.6042956916145                                  2.7705704592762483
450                                               93.62729133797082                                 2.435405316136523
455                                               94.20933503375412                                 2.376989080815489
460                                               94.42823467875337                                 2.5706491729385825
465                                               94.20991237787459                                 3.1066313296173567
470                                               93.2120905093266                                  4.29336947731306
474.99999999999994                                90.24036833009369                                 7.13263103675279
480                                               80.02171123636333                                 15.844387386183916
484.99999999999994                                32.68696558707297                                 52.7447331308818
490                                               30.02181855247678                                 49.529254124894386
494.99999999999994                                77.22385744530588                                 13.780737457268886
500                                               88.73556148306989                                 5.732917962575203
505                                               92.71431083740032                                 3.1532849085714783
509.99999999999994                                94.55394393972422                                 2.056114642899953
515                                               95.5714400082053                                  1.5056047788235514
519.9999999999999                                 96.20253778072971                                 1.2027038557317937
525                                               96.62350687182688                                 1.0307644553034914
530                                               96.91545610729887                                 0.9385510713778008
535                                               97.11802114966318                                 0.9029800201114213
540                                               97.24920648061911                                 0.91584849903129
545                                               97.31227296444186                                 0.9797441491077118
550                                               97.29535574417062                                 1.1093613165661855
555                                               97.16276287515694                                 1.3395026596906985
560                                               96.82792014138347                                 1.748219530945549
564.9999999999999                                 96.06908165439525                                 2.5267480917082996
570                                               94.21411534801399                                 4.234740174366144
574.9999999999999                                 88.53520858293305                                 9.065767321953912
580                                               61.63715832727764                                 30.392786571409246
584.9999999999999                                 9.099706513176587                                 66.67818736703497
590                                               75.29842918243486                                 15.787281322202807
595                                               89.68596635226591                                 5.555024827236459
600                                               93.86313819824083                                 2.759184652755576
605                                               95.6140371460992                                  1.656692728499181
610                                               96.52347626592251                                 1.1200093220394007
615                                               97.06515561018374                                 0.8220730836345318
619.9999999999999                                 97.41972034767534                                 0.641589552534422
625                                               97.66824948104258                                 0.5255868962735808
629.9999999999999                                 97.85160544755092                                 0.44810592911856595
635                                               97.99222819862523                                 0.39531647767737804
639.9999999999999                                 98.10326118197696                                 0.3593998742501173
645                                               98.19277042172745                                 0.3357746260497261
650                                               98.26584563563598                                 0.3217451217192387
655                                               98.32569979696815                                 0.3158162907216076
660                                               98.37425063423866                                 0.3173523103946777
665                                               98.41240111875364                                 0.3264394703623774
670                                               98.44010783590706                                 0.3439016771933408
674.9999999999999                                 98.45624667570213                                 0.37147455011969854
680                                               98.45820669686326                                 0.41220534408605114
684.9999999999999                                 98.44101581676254                                 0.471249440867714
690                                               98.39552725235373                                 0.5574587289232122
694.9999999999999                                 98.30450505775227                                 0.6867160606664633
700                                               98.13349079493985                                 0.8895307482093966
704.9999999999999                                 97.80700346460787                                 1.230381407861825
710                                               97.13635789874427                                 1.865032236284313
715                                               95.54806559102789                                 3.2509669923312154
720                                               90.66625887801747                                 7.215348696764653
725                                               66.19208093782785                                 25.720215841106903
729.9999999999999                                 10.635010484801855                                62.25017043101764
735                                               78.03487681130035                                 13.250295254893656
739.9999999999999                                 91.00769756003987                                 4.5443512375683195
745                                               94.68428150194373                                 2.22029579844444
749.9999999999999                                 96.21209111222333                                 1.3076445273322193
755                                               96.99999242089393                                 0.8627148253585198
759.9999999999999                                 97.46548637478087                                 0.6144019301924639
765                                               97.76740141827098                                 0.46246296702641126
770                                               97.97701778270785                                 0.3631115769697985
775                                               98.13030693332942                                 0.2948232799686481
780                                               98.24708518609923                                 0.24604179134690124
784.9999999999999                                 98.33903818161569                                 0.21012400222955277
790                                               98.41344241993578                                 0.18303758461194852
794.9999999999999                                 98.47503527697835                                 0.16222427374105353
800                                               98.52701769656701                                 0.14600081861917674
