300                                               3.1999306493457493                                0.07487242047638965
305                                               2.5733868870876195                                0.16480870328733793
309.99999999999994                                1.381770987384024                                 0.4031766903692221
314.99999999999994                                0.7713710862917088                                0.8813791170913385
319.99999999999994                                2.279103489335986                                 1.4408731416822398
325                                               3.784688621374166                                 1.893334986307906
330                                               3.3876793988386202                                2.390663180804932
335                                               1.9894185503439492                                3.139012190951617
340                                               1.2351166819866688                                4.276277891354841
345                                               1.7656530814638003                                5.869775407672002
350                                               2.541736318926046                                 7.8690320543487955
355                                               2.1024196176652237                                9.937293093371572
360                                               1.204639253423672                                 11.268490590675677
364.99999999999994                                2.556392572179828                                 11.21893616038019
369.99999999999994                                5.952110062751                                    10.326166043258658
374.99999999999994                                8.37525068909915                                  9.55469087635116
379.99999999999994                                8.196087570886291                                 9.356343519968052
385                                               6.146883446850666                                 9.751144515907386
390                                               4.367466960858884                                 10.471943346272289
395                                               4.257299897909728                                 11.271705493213382
400                                               5.164592621001274                                 12.151145965954292
405                                               5.640936084979422                                 13.16025267361621
410                                               4.4742612218780815                                14.172276852176148
415                                               1.2247537292532718                                14.389665933419794
419.99999999999994                                2.4662640091601835                                11.569312982075644
424.99999999999994                                17.207908551621315                                6.479029006149181
429.99999999999994                                35.26324219913792                                 3.1053162145642395
434.99999999999994                                48.2697289800967                                  1.59625983693791
439.99999999999994                                56.60308241401214                                 0.9254167485532104
445                                               61.97607511252895                                 0.6102321943845923
450                                               66.5078776468936                                  0.41262780327271625
455                                               72.52773290642041                                 0.24035038500423486
460                                               79.00393981326931                                 0.11165512267415248
465                                               83.56679166306915                                 0.052005066546013376
470                                               86.50716604851954                                 0.02582895119488917
474.99999999999994                                88.42935179447858                                 0.01402462052147779
480                                               89.76457933964295                                 0.008253319842132373
484.99999999999994                                90.76618313200656                                 0.005107391008827441
490                                               91.59371501721186                                 0.0031910176240813617
494.99999999999994                                92.34264497767134                                 0.0019441411830323494
500                                               93.03806627891068                                 0.0011499099535726895
505                                               93.67030010874328                                 6.536905823656328E-4
509.99999999999994                                94.21919942941794                                 3.6751365452942185E-4
515                                               94.67569676628102                                 2.1450188108948143E-4
519.9999999999999                                 95.0559558804952                                  1.2890111884728987E-4
525                                               95.3752233825997                                  7.88789405851E-5
530                                               95.64727544570226                                 4.835755182012368E-5
535                                               95.8839193134701                                  2.9464809435969654E-5
540                                               96.09384153141905                                 1.8338056552781812E-5
545                                               96.28337956928141                                 1.2086552653095548E-5
550                                               96.45582967968609                                 7.35761329649276E-6
555                                               96.60997784943633                                 5.4262967500440604E-6
560                                               96.7486662626901                                  4.714056440888231E-6
564.9999999999999                                 96.87362189476787                                 4.774086821785716E-6
570                                               96.98692459396953                                 5.4827368090187805E-6
574.9999999999999                                 97.09189084839267                                 6.721018473257186E-6
580                                               97.19339539649049                                 7.908308817570526E-6
584.9999999999999                                 97.29347970853365                                 8.006390284179587E-6
590                                               97.38568362551987                                 6.667004133363272E-6
595                                               97.46809877334506                                 5.6291122065557456E-6
600                                               97.54355143419072                                 4.892795795302206E-6
605                                               97.61112271336569                                 4.3600151708512185E-6
610                                               97.67259613106827                                 4.115713944442351E-6
615                                               97.728971229238                                   4.154508674811582E-6
619.9999999999999                                 97.78069251940744                                 4.513091124465516E-6
625                                               97.82773073725211                                 5.329309767084226E-6
629.9999999999999                                 97.86913852972113                                 6.978874435278201E-6
635                                               97.90136958832264                                 1.0391194164458707E-5
639.9999999999999                                 97.91970163068001                                 1.5120773628444486E-5
645                                               97.92847598838085                                 2.4933739897723134E-5
650                                               97.91143720905299                                 4.313319877981223E-5
655                                               97.99723274107129                                 2.7250505575070326E-5
660                                               98.0782748132562                                  1.2030207795925339E-5
665                                               98.12827518656152                                 6.1032005743225426E-6
670                                               98.1658935511381                                  3.595925133353154E-6
674.9999999999999                                 98.1979638774441                                  2.3667334328225934E-6
680                                               98.22687700345512                                 1.6919701478434674E-6
684.9999999999999                                 98.25360276929639                                 1.289822281993614E-6
690                                               98.2785294234644                                  1.0389860925521326E-6
694.9999999999999                                 98.30210635636108                                 8.970264898845186E-7
700                                               98.32476979729073                                 7.909339077197923E-7
704.9999999999999                                 98.34619568345595                                 7.210656436538144E-7
710                                               98.36657460666511                                 6.830325584028275E-7
715                                               98.38601209529965                                 6.720590813121025E-7
720                                               98.40457948181687                                 6.877938178899836E-7
725                                               98.42233130256756                                 7.346455894942552E-7
729.9999999999999                                 98.439303402775                                   8.240946344444638E-7
735                                               98.45550040471545                                 9.811645215994897E-7
739.9999999999999                                 98.4708233339883                                  1.2617414230102099E-6
745                                               98.48478731560255                                 1.7705672000984323E-6
749.9999999999999                                 98.49778940021864                                 2.754902574408518E-6
755                                               98.50719039031483                                 5.907706220588033E-6
759.9999999999999                                 98.48700871480209                                 2.3885993774520505E-5
765                                               98.38657065030047                                 6.525397770832787E-5
770                                               98.52695734762625                                 8.215855759364775E-6
775                                               98.55441474382216                                 2.5436253787072717E-6
780                                               98.5703236202117                                  1.1621053883763832E-6
784.9999999999999                                 98.58331416198291                                 6.44102347663397E-7
790                                               98.59502781259239                                 4.0076044966852296E-7
794.9999999999999                                 98.6059546749371                                  2.6975249746426934E-7
800                                               98.6162904863199                                  1.9501828448561638E-7
