
300                                               0.9769511404682766                                0.929981934771428
305                                               0.35878278838012306                               1.4394967296710788
309.99999999999994                                0.620106984715068                                 2.5393096371802835
314.99999999999994                                3.068113775208423                                 4.12394463286491
319.99999999999994                                5.917376958812033                                 5.240597174887791
325                                               6.155132969288911                                 5.717978134380202
330                                               4.402574042134118                                 6.27742682300591
335                                               2.3554169350170446                                7.355487398219098
340                                               1.3296819191197464                                9.125599539776884
345                                               2.05940657345037                                  11.576481750644067
350                                               4.184726812635172                                 14.366395695538873
355                                               6.147382738890643                                 16.761877153710348
360                                               6.5385297379276235                                18.040463104160736
364.99999999999994                                5.592979863633208                                 17.986829899665796
369.99999999999994                                4.667346370012628                                 17.032136068052164
374.99999999999994                                4.549055426818488                                 15.825077575016461
379.99999999999994                                4.939614946344626                                 14.847003869174339
385                                               5.004857280489148                                 14.5344311405406
390                                               4.205664356229582                                 15.007194799840004
395                                               3.189764519929917                                 16.07210836780144
400                                               4.747493599608632                                 16.94124781583549
405                                               12.589737870980052                                16.220108041158106
410                                               25.46963948320257                                 13.507859069258695
415                                               36.926843451223256                                10.195301765703718
419.99999999999994                                44.31167832754148                                 7.584477437085638
424.99999999999994                                48.085021336663814                                5.978141916918974
429.99999999999994                                49.11030848912                                    5.0664220125240975
434.99999999999994                                48.4311085470274                                  4.6000195615188115
439.99999999999994                                47.28639637402862                                 4.370432818815684
445                                               47.6160335183094                                  4.155765411705016
450                                               51.424482817521934                                3.7497913020925755
455                                               58.552840419989764                                3.1246447769678842
460                                               66.46157034681028                                 2.4359130843471375
465                                               72.19728158989818                                 1.8023280053390296
470                                               75.50530926082686                                 1.4081251959973036
474.99999999999994                                77.19799357604546                                 1.1440712317888548
480                                               77.7565849545589                                  0.9496715722523841
484.99999999999994                                77.9043330515282                                  0.7871020603605634
490                                               78.43003129678088                                 0.633791940996382
494.99999999999994                                79.82514000021652                                 0.4873860928018289
500                                               81.97093738293066                                 0.35959698776326543
505                                               84.36413293831319                                 0.2594987774865412
509.99999999999994                                86.54405209614792                                 0.18760527307900848
515                                               88.29705076273765                                 0.1376571318938135
519.9999999999999                                 89.58276972857125                                 0.10254689154671791
525                                               90.44781237094907                                 0.07668231998027057
530                                               90.99476862686478                                 0.0565953439569595
535                                               91.36734997781136                                 0.040870687199878124
540                                               91.6902702151045                                  0.029376890619991058
545                                               92.00770029307563                                 0.022096188195178158
550                                               92.28106911548421                                 0.01886619573039044
555                                               92.53589413650947                                 0.018885293105854704
560                                               93.00810792043495                                 0.013281693213882742
564.9999999999999                                 93.16548354545064                                 0.013529024896073051
570                                               93.19486806478494                                 0.01747608438678721
574.9999999999999                                 93.25994923897466                                 0.02431058275536909
580                                               93.58840090113416                                 0.03268528324061174
584.9999999999999                                 94.3025450667064                                  0.03865034795427153
590                                               95.14002798287397                                 0.0395235422892112
595                                               95.775394332671                                   0.037570987672745984
600                                               96.15324947398524                                 0.035773022724216834
605                                               96.33892955908146                                 0.035494324650526876
610                                               96.39429513500485                                 0.03725809457069052
615                                               96.3351256369568                                  0.041859192024475654
619.9999999999999                                 96.13548625885673                                 0.05060716975478363
625                                               95.71876249493046                                 0.06656064124412948
629.9999999999999                                 94.89098707611639                                 0.09690524489607578
635                                               93.14809605235527                                 0.1605237962178098
639.9999999999999                                 89.26131441851453                                 0.3045872188074509
645                                               83.47435322996193                                 0.5301271182779974
650                                               86.78056178525273                                 0.4247342971691321
655                                               92.74103602761947                                 0.19752378308712154
660                                               94.69375960697745                                 0.10166445610111143
665                                               95.5065097733791                                  0.09054961205582786
670                                               96.76032989694767                                 0.06290331037945482
674.9999999999999                                 97.33653216128747                                 0.04504988575248738
680                                               97.63782354090928                                 0.034838433046472606
684.9999999999999                                 97.82283669135342                                 0.028703226670850217
690                                               97.9482315815815                                  0.0248883906194545
694.9999999999999                                 98.03896194644932                                 0.022553441675912327
700                                               98.10769807988325                                 0.021265834292859064
704.9999999999999                                 98.161148535232                                   0.02081627687973113
710                                               98.20284815760103                                 0.021139910499133805
715                                               98.23428153462606                                 0.022294752316378997
720                                               98.25509470659314                                 0.02448484612975264
725                                               98.26256437339032                                 0.028144084720632755
729.9999999999999                                 98.24942173554928                                 0.03414237810594992
735                                               98.20076194757542                                 0.044288566537095835
739.9999999999999                                 98.0795188457083                                  0.06300417888262164
745                                               97.7623971691467                                  0.10282780661012565
749.9999999999999                                 96.75914875932631                                 0.21202966343719595
755                                               91.62758492977329                                 0.7071586485779381
759.9999999999999                                 67.03123738053202                                 2.708076645819656
765                                               91.93038874392292                                 0.4737655630633118
770                                               96.18851955058395                                 0.13955760778273052
775                                               97.22528714179498                                 0.062226366523692324
780                                               97.51188500505295                                 0.03587270458026499
784.9999999999999                                 97.80345020269613                                 0.025955075784626556
790                                               98.09540453162097                                 0.017819013610587145
794.9999999999999                                 98.236142457109                                   0.012731540356017099
800                                               98.31947230288212                                 0.00959024921988062
