300                                               0.777741796826365                                 0.5784699738115913
305                                               1.3392983335884014                                1.1749639780511172
309.99999999999994                                1.7098215441921059                                2.098227397204226
314.99999999999994                                1.2071489121513725                                3.507140958452104
319.99999999999994                                0.34298394893908174                               5.6947482601550385
325                                               3.3575322808217467E-4                             8.730551109391726
330                                               0.12055198470354046                               12.23841758968034
335                                               0.2005826678747928                                15.804567803047078
340                                               0.1701319199861821                                19.27935611064285
345                                               0.12979252059136956                               22.616582427443845
350                                               0.10605296996871502                               25.758027419382717
355                                               0.09631054854421854                               28.574571757258532
360                                               0.16493936552138802                               30.82646426072001
364.99999999999994                                0.5952167017995742                                32.2926934681883
369.99999999999994                                1.7891548058206241                                33.020625482098936
374.99999999999994                                3.7136142276895865                                33.43234732392043
379.99999999999994                                5.464020508719955                                 34.1544830862947
385                                               5.648993417860187                                 35.66766827776476
390                                               3.6591100711276234                                37.87066797832191
395                                               1.0131713589899392                                39.79122428294077
400                                               0.234085390585015                                 40.31621103557948
405                                               0.9765382905203049                                39.59198526363334
410                                               1.0667812269777068                                38.103291672219214
415                                               3.4465540515182713                                34.51822880404625
419.99999999999994                                13.872528625044339                                28.239235057069887
424.99999999999994                                26.953251798128143                                22.98412734028809
429.99999999999994                                30.069307759344994                                22.314132590319943
434.99999999999994                                12.557576825152598                                24.190984224052595
439.99999999999994                                28.85329270068603                                 10.544251092319323
445                                               58.84576508814584                                 2.5463601492357886
450                                               71.82315730272974                                 0.788345324054129
455                                               78.3343705559381                                  0.32384151754543256
460                                               82.30727691804992                                 0.16800927715203104
465                                               85.04485817572288                                 0.10754222200167579
470                                               87.07590969150986                                 0.08562948118399946
474.99999999999994                                88.64117847000263                                 0.08974382486169104
480                                               89.71458280758488                                 0.14925453905410005
484.99999999999994                                84.56442590584703                                 0.9589705716074235
490                                               86.48628145805158                                 0.23454673183476926
494.99999999999994                                90.91185902214593                                 0.026603867797759456
500                                               92.13361841263858                                 0.00737694535112594
505                                               92.88969075735967                                 0.0029004180788038416
509.99999999999994                                93.46596756109062                                 0.0013934290719644154
515                                               93.93960827163886                                 7.689709075199882E-4
519.9999999999999                                 94.34285015671819                                 4.7247353644712424E-4
525                                               94.69307234138948                                 3.1768760134524225E-4
530                                               95.00124300993818                                 2.3156604927704742E-4
535                                               95.2750069040574                                  1.822214160649257E-4
540                                               95.52005589084133                                 1.548633639086505E-4
545                                               95.74083620034666                                 1.4292233268579333E-4
550                                               95.94096608114828                                 1.4506726880474121E-4
555                                               96.12352050362483                                 1.661094216927038E-4
560                                               96.29121228753972                                 2.2620648258391986E-4
564.9999999999999                                 96.44571771418417                                 4.168526158576738E-4
570                                               96.56127243509867                                 0.0016651701599628165
574.9999999999999                                 95.39311471960357                                 0.013772166273218743
580                                               96.69685310164972                                 4.377410743804531E-4
584.9999999999999                                 96.8600083068463                                  1.099169630980739E-4
590                                               96.97661121953792                                 4.409705087279487E-5
595                                               97.0770460646779                                  2.2055984833998977E-5
600                                               97.16759861212226                                 1.2603518137976251E-5
605                                               97.25064967615269                                 7.896528487694427E-6
610                                               97.32746646438389                                 5.302638714473998E-6
615                                               97.39887914546586                                 3.763924612368872E-6
619.9999999999999                                 97.46550293502617                                 2.7987526735120373E-6
625                                               97.52782837725414                                 2.166726507299059E-6
629.9999999999999                                 97.58626401645351                                 1.7390752760364068E-6
635                                               97.64115958674557                                 1.4429023262463796E-6
639.9999999999999                                 97.69281979111128                                 1.2351483943636997E-6
645                                               97.74151344109818                                 1.0896225339722697E-6
650                                               97.78747986416715                                 9.902271146767647E-7
655                                               97.83093352515323                                 9.273352324855141E-7
660                                               97.87206719057946                                 8.959220388785974E-7
665                                               97.91105963594921                                 8.948346971023852E-7
670                                               97.94806971731927                                 9.270885138056381E-7
674.9999999999999                                 97.98324702951486                                 1.001539521139801E-6
680                                               98.01673236045517                                 1.1373001087518905E-6
684.9999999999999                                 98.04866199678676                                 1.3749436318378392E-6
690                                               98.07917443428526                                 1.8080111034084508E-6
694.9999999999999                                 98.10841975119705                                 2.689901659395129E-6
700                                               98.13655092788473                                 4.926088771575815E-6
704.9999999999999                                 98.16318778210675                                 1.4104558000347115E-5
710                                               98.11222716705966                                 2.8590135318898774E-4
715                                               98.18088369343498                                 3.111591552884939E-5
720                                               98.22280746571751                                 5.246896352587618E-6
725                                               98.2484995775372                                  1.945567205676768E-6
729.9999999999999                                 98.27108184169194                                 9.637324241449158E-7
735                                               98.29210676516098                                 5.569032434878009E-7
739.9999999999999                                 98.31201612512253                                 3.546617293932567E-7
745                                               98.331000786291                                   2.4171736854355455E-7
749.9999999999999                                 98.34916865449304                                 1.733001714371174E-7
755                                               98.366592761838                                   1.2928147935496858E-7
759.9999999999999                                 98.38332859160013                                 9.96100325570028E-8
765                                               98.39942167758929                                 7.885306320492239E-8
770                                               98.41491104906723                                 6.38861497989743E-8
775                                               98.42983123361107                                 5.282026567360048E-8
780                                               98.44421329418157                                 4.44652653325408E-8
784.9999999999999                                 98.45808555105847                                 3.804498459820015E-8
790                                               98.47147405288283                                 3.303819763002333E-8
794.9999999999999                                 98.48440290358059                                 2.9086005044015777E-8
800                                               98.49689450876353                                 2.5935922440777327E-8
