300                                               4.077954483101922                                 3.0082245752464457E-6
305                                               3.39474694337196                                  0.002191327263602429
309.99999999999994                                3.7767485252104676                                0.006288510448931401
314.99999999999994                                2.4513115788145954                                2.4146414326904668E-4
319.99999999999994                                3.652702017127189                                 0.01488679187237313
325                                               1.6760524135993025                                0.016893807678785205
330                                               2.1573895693439895                                0.09274947436940456
335                                               0.582551889752656                                 0.09869625321682143
340                                               2.1192676977755887                                0.046065608186693474
345                                               2.3986265599807997                                0.09858197324386672
350                                               9.01896745742584                                  0.18990852429817348
355                                               9.141061978196104                                 0.18587660142730358
360                                               6.76091318499723                                  0.08880592801677636
364.99999999999994                                16.297542441219065                                0.048005725477675475
369.99999999999994                                30.54830059173652                                 0.02295374007947272
374.99999999999994                                45.97857010180923                                 0.0021781769455326895
379.99999999999994                                56.05279279065799                                 5.959745094009506E-6
385                                               65.02288234653693                                 8.709203720223532E-6
390                                               69.88592985059047                                 1.4533023728723974E-5
395                                               71.89018725140382                                 3.686986562748989E-7
400                                               74.82447151776374                                 6.80921957300252E-8
405                                               77.69177194146006                                 6.4633649873974594E-9
410                                               79.29516822565488                                 9.181582380263787E-11
415                                               78.69702909496696                                 9.251144237484276E-9
419.99999999999994                                77.82290142587492                                 3.8416722924311216E-10
424.99999999999994                                94.89938379918787                                 7.739501975999278E-12
429.99999999999994                                86.765074466848                                   7.290203958451432E-11
434.99999999999994                                99.52928685311049                                 3.1760059266253494E-13
439.99999999999994                                95.30380559726392                                 1.5646594765057042E-12
445                                               94.20623757835098                                 6.697204050008182E-15
450                                               94.2227213665936                                  4.0037964844605954E-13
455                                               94.08000343097135                                 8.5235966474616E-14
460                                               92.20201364409768                                 8.549592779359497E-15
465                                               84.7231463568273                                  3.3448911338509144E-15
470                                               91.3914136884032                                  2.3360576491714075E-16
474.99999999999994                                89.91313254083948                                 2.8815172880607353E-17
480                                               90.39818340334782                                 4.5913297035011524E-17
484.99999999999994                                89.44136207917803                                 1.4444647301416267E-13
490                                               88.87662186956783                                 5.05115884521978E-13
494.99999999999994                                85.892124676186                                   1.231877629548864E-10
500                                               82.28379395143996                                 5.258177431443218E-10
505                                               82.8199636739232                                  1.4790903534962495E-9
509.99999999999994                                70.4100089302072                                  1.0009463207410469E-8
515                                               82.83251948910524                                 7.578469590913686E-7
519.9999999999999                                 83.07199345046595                                 2.256533966198712E-6
525                                               82.73091362633366                                 7.220423237547154E-7
530                                               82.40866504846268                                 2.9782374787932972E-5
535                                               85.03705100162057                                 5.457564807702796E-7
540                                               84.55685957577701                                 1.9581087624010554E-5
545                                               91.84772420622366                                 8.21998966816971E-6
550                                               88.71583399593932                                 4.623492782725254E-7
555                                               90.9483854231535                                  1.0446246487230915E-6
560                                               91.4462990430802                                  6.144724210367458E-8
564.9999999999999                                 90.09631900742559                                 2.425274586057787E-8
570                                               88.68600864807922                                 2.552694910772763E-7
574.9999999999999                                 86.81685744370836                                 4.67139985772015E-6
580                                               77.26104253065807                                 3.751149145882576E-7
584.9999999999999                                 78.00049693442756                                 5.828178676249164E-6
590                                               84.95928752985506                                 1.3208454292471396E-5
595                                               83.38480620491507                                 4.773844338357246E-4
600                                               64.45289686709052                                 0.021740456747952094
605                                               1.246747819796472                                 0.028403996831023647
610                                               57.03560879897711                                 0.6623057768102812
615                                               51.012298200803606                                1.2916154035706335
619.9999999999999                                 56.01567892995381                                 1.049439644492404
625                                               74.28120348098142                                 0.3511790842258614
