300                                               3.7789023179554397                                0.020102703185121293
305                                               3.724396041284226                                 0.09071479857805335
309.99999999999994                                1.7442953381306951                                0.0507117241028514
314.99999999999994                                3.4674858376052478                                0.3143779897575069
319.99999999999994                                1.9871922955976977                                0.45771790735602286
325                                               22.515200850102957                                0.24476199244177235
330                                               4.82990325446631                                  0.10805203241023395
335                                               0.19537853109290768                               2.021516997818232
340                                               0.4191979894626014                                1.9714999393893013
345                                               0.22702450228101284                               1.7011048034162881
350                                               0.8415303037926423                                0.021675739004830438
355                                               3.6497039284454478                                0.9055660467369062
360                                               3.2994103434567927                                0.10746908805342487
364.99999999999994                                9.993497781008836                                 0.14633837778968814
369.99999999999994                                25.133189477153255                                0.15074697981737165
374.99999999999994                                38.05713593118449                                 8.707624306881173E-4
379.99999999999994                                52.04567042878987                                 5.710326614948847E-6
385                                               62.094371181960994                                1.9373474264720663E-4
390                                               69.41485922236068                                 4.656018193505561E-6
395                                               74.73992020064418                                 1.632075593397416E-6
400                                               78.76889128354925                                 6.775577881318509E-6
405                                               81.66425623561099                                 1.0773429751317817E-9
410                                               83.8951947118105                                  7.808675284854672E-8
415                                               85.5672655944595                                  1.1016850542945954E-8
419.99999999999994                                86.9182036397427                                  3.552658811490141E-9
424.99999999999994                                87.74630980805537                                 9.80310172958172E-11
429.99999999999994                                88.17739460724829                                 1.7312516470239423E-11
434.99999999999994                                88.94590686136407                                 1.9448065433222656E-10
439.99999999999994                                89.92101871594704                                 3.020771801070052E-13
445                                               90.57560868021257                                 8.255756455672092E-13
450                                               90.97249365556324                                 5.462848146786298E-13
455                                               91.28137502052407                                 2.5380402654582286E-12
460                                               91.20540771191592                                 1.4775289013261218E-12
465                                               91.05514781863306                                 4.4510434405033944E-13
470                                               90.99354440238467                                 1.1860009941339696E-14
474.99999999999994                                90.47209132195992                                 1.6231329288097333E-14
480                                               88.84036765269782                                 1.3427524679567752E-13
484.99999999999994                                87.35357698583222                                 2.640498406588828E-10
490                                               85.96745011130218                                 2.499056435375443E-10
494.99999999999994                                83.90924731558583                                 5.549991129148517E-9
500                                               81.43545158624208                                 8.913843976683168E-8
505                                               82.59494629838049                                 6.4700262571788E-8
509.99999999999994                                82.39536153439798                                 6.54835655659593E-8
515                                               84.1895398535824                                  5.914280683487185E-7
519.9999999999999                                 82.54839060914544                                 2.253857007947661E-6
525                                               83.7635575008965                                  2.5227545685569108E-6
530                                               83.90140190674089                                 5.417119724486912E-7
535                                               85.26058552536054                                 3.442919157077929E-6
540                                               85.93542510707896                                 0.003908845862062619
545                                               87.87297028054702                                 4.133065163051513E-5
550                                               87.62795711961084                                 5.2210547645793634E-6
555                                               89.4227918151816                                  2.1199619200850777E-9
560                                               89.36696692560345                                 1.5714509103906556E-5
564.9999999999999                                 89.28522270810532                                 5.3385316335581846E-5
570                                               88.37515091298734                                 7.009951539914997E-6
574.9999999999999                                 82.68697884059847                                 5.4829698257012716E-5
580                                               70.58913404151978                                 2.6212733079747323E-5
584.9999999999999                                 79.93927036719751                                 1.4941369651361166E-5
590                                               84.50112877016412                                 4.3717807565304316E-4
595                                               93.33331341836863                                 2.582135358207255E-4
600                                               72.28939619552331                                 0.005301762504248847
605                                               42.451848685322                                   1.3315462104925717
610                                               56.60839000659724                                 1.3189874585209909
615                                               59.89051617969658                                 1.4157207450276412
619.9999999999999                                 54.31953217699017                                 10.544898537639561
625                                               85.12735750816755                                 0.25656494491190435
629.9999999999999                                 48.17871679803154                                 8.00977846799072
635                                               89.17351723497062                                 2.0027058275968914E-6
639.9999999999999                                 83.41485622339833                                 2.0999813989107323E-4
645                                               68.11091221657168                                 0.005495155070434553
650                                               8.53413486413685                                  0.1753308668198656
655                                               73.38096219260923                                 0.2681197312251274
660                                               30.4261984737698                                  1.0736351847452787
665                                               86.18105686555367                                 0.639465482961947
670                                               55.7611497188047                                  0.3378274498983006
674.9999999999999                                 22.348860350379347                                0.9044561031795898
680                                               81.42349543577014                                 0.6940504446115019
684.9999999999999                                 58.670300211155016                                0.12278656944796269
690                                               38.556479053339956                                6.336478136668599
694.9999999999999                                 35.55571504621244                                 2.6175804048922022
700                                               91.14117048697871                                 0.5019928477592474
704.9999999999999                                 91.98360188415641                                 0.5124919457647358
710                                               93.30568866692042                                 0.4867259863819492
715                                               94.00587439591493                                 0.6511871230254426
720                                               94.65427537953953                                 0.016369060084952102
725                                               94.50430833234059                                 0.3054300469057775
729.9999999999999                                 53.597982419693516                                2.7076429873152033
735                                               89.92621747010647                                 0.27697774956251636
739.9999999999999                                 92.3458764515783                                  1.4911270376997063
745                                               89.2237213251257                                  4.340253377055408
749.9999999999999                                 91.87991605314805                                 2.0798234032553626
755                                               93.4225052586617                                  1.7135429664395043
759.9999999999999                                 92.82393513118912                                 0.9711870521532129
765                                               86.21520146576296                                 3.0561354258954854
770                                               75.20525428791706                                 16.03124162089714
775                                               82.27756678783149                                 9.753047551406937
780                                               91.19432327149882                                 1.9607714256552136
784.9999999999999                                 91.0761455902243                                  0.07090221677728084
790                                               79.65575837107892                                 0.7777824474138808
794.9999999999999                                 86.68243707813586                                 0.01417826918940022
800                                               76.6630769253028                                  5.129266611628022
