300                                               3.55281631810248                                  0.0017183349366179405
305                                               3.125219599231082                                 0.008624630350890705
309.99999999999994                                2.173682766331629                                 0.010349686159740608
314.99999999999994                                2.7611491693392223                                0.05371256335036398
319.99999999999994                                3.3878929959436985                                0.10038576188536559
325                                               18.20970336293731                                 0.07365677358583751
330                                               4.227967733650259                                 0.06534011424625265
335                                               0.3434951452491055                                0.2891220350966249
340                                               0.02785804510759514                               0.3269867417236317
345                                               0.22645940232486284                               0.36709299311851457
350                                               0.5967588225980772                                0.0023920519956887585
355                                               2.629187357140694                                 0.22501849432897011
360                                               3.260710559672581                                 0.03219039115670173
364.99999999999994                                9.917455236232836                                 0.02322368558110469
369.99999999999994                                23.415621009307856                                0.01618408739459763
374.99999999999994                                38.16429824847139                                 7.823048349615887E-5
379.99999999999994                                52.0670037442193                                  4.905062860687943E-6
385                                               62.14834999494414                                 5.9715137899287495E-5
390                                               69.39792046519008                                 3.495448745078207E-6
395                                               74.72512701651499                                 9.987708955734928E-7
400                                               78.6980700372427                                  2.806181238416439E-7
405                                               81.64835602115005                                 2.3936265690032663E-9
410                                               83.89264302261637                                 3.489459074036067E-8
415                                               85.5675466874772                                  8.4235393113291E-9
419.99999999999994                                86.91812722096176                                 2.2925827007285517E-9
424.99999999999994                                87.74597997841748                                 3.892835468339594E-12
429.99999999999994                                88.17703798535885                                 7.125003186615031E-12
434.99999999999994                                88.94569540276443                                 3.9334205705645943E-11
439.99999999999994                                89.92101316870762                                 3.030413102396439E-13
445                                               90.57559338630632                                 4.879466222896597E-13
450                                               90.97248271140833                                 1.3437342936049337E-13
455                                               91.28140786159238                                 2.702183256010591E-13
460                                               91.20542743143035                                 3.278574870736483E-14
465                                               91.05515521055898                                 1.3177434827052142E-14
470                                               90.99354463165153                                 2.09757213107653E-15
474.99999999999994                                90.47209292995562                                 1.145354743958487E-15
480                                               88.84037274819971                                 3.0149708288275484E-14
484.99999999999994                                87.35388372504063                                 1.7557557404167497E-12
490                                               85.96767855057247                                 5.230938979357419E-11
494.99999999999994                                83.91024004283668                                 6.947426344606226E-10
500                                               81.43645226245862                                 1.2932491775807607E-9
505                                               82.61408934719122                                 7.083816039657928E-10
509.99999999999994                                82.40058713406538                                 2.7444814001446926E-9
515                                               84.24227931887528                                 4.158932132866502E-8
519.9999999999999                                 82.50798108427635                                 4.0981141622973105E-7
525                                               83.65241024957906                                 4.266094537678609E-7
530                                               84.0633125726453                                  1.2196815420686885E-7
535                                               85.09759520158407                                 1.1210597337174357E-6
540                                               85.79264018273346                                 2.4564050652007983E-5
545                                               87.77655865975174                                 2.7800465934464503E-6
550                                               87.64196329905303                                 1.0789095988734755E-6
555                                               89.44397926722361                                 3.413617890317403E-10
560                                               89.32114407493945                                 5.46073254384698E-6
564.9999999999999                                 89.32835486968645                                 4.9027824211155086E-6
570                                               88.7670784612078                                  7.421736758121305E-8
574.9999999999999                                 83.05715505575513                                 3.14427300518059E-6
580                                               70.65101019168911                                 8.474370456478403E-6
584.9999999999999                                 78.06152013223546                                 2.8216591228563813E-5
590                                               83.28671646859905                                 3.37335790813967E-4
595                                               93.40794882651913                                 1.7615225207980523E-5
600                                               73.2603549654647                                  0.012206261300614725
605                                               44.29415114181099                                 0.26953011351613065
610                                               45.76035404173076                                 0.3103957447003596
615                                               50.23527079432544                                 1.9908235067138484
619.9999999999999                                 52.85391318736793                                 2.6989086792011454
625                                               68.62405481251119                                 1.8623939134548453
629.9999999999999                                 73.43079845869066                                 1.209000325277621
635                                               56.896420447237396                                3.811669325181701E-4
639.9999999999999                                 80.65685330825096                                 0.0010695973464439914
645                                               70.60644314772298                                 0.010774896740642508
650                                               8.421076283795568                                 0.194876833791889
655                                               63.26845138356788                                 0.17864960943733293
660                                               81.42571976337987                                 0.0055368232284434766
665                                               84.94695267988406                                 0.4226704604374385
670                                               72.43899961284322                                 0.004508082680194918
674.9999999999999                                 41.35372544562966                                 1.0026613901645465
680                                               83.98847382277157                                 0.1796535205238593
684.9999999999999                                 38.36158197151315                                 0.23873016537752867
690                                               62.55383696515251                                 5.185244048717393
694.9999999999999                                 5.959903565267405                                 4.620731942282786
700                                               1.4622354294288624                                8.694834199159333
704.9999999999999                                 51.00726724948872                                 4.491346152849463
710                                               74.07131126759106                                 2.619456837373037
715                                               85.87375733095621                                 2.104011472969055
720                                               86.52453846664243                                 0.007828684367175522
725                                               88.31787562879163                                 0.765148143452378
729.9999999999999                                 6.844397688902179                                 33.02262815394665
735                                               74.2810856659227                                  2.7288803510054156
739.9999999999999                                 86.74633483882967                                 2.482971353541903
745                                               84.26750484074876                                 7.315518278587922
749.9999999999999                                 89.78524657995101                                 3.104707060687052
755                                               91.16635259982984                                 2.327381495519709
759.9999999999999                                 92.46165701711207                                 1.2352045687564666
765                                               86.42773289630901                                 4.066763500544889
770                                               73.7891334124443                                  14.875610162743154
775                                               82.33386658930554                                 9.110091739868137
780                                               92.5397061581314                                  1.2861137658587645
784.9999999999999                                 92.98965789091777                                 0.05819530280269832
790                                               85.84070434021268                                 0.5027827630090869
794.9999999999999                                 90.37963479652464                                 0.007858982358900621
800                                               84.13877850379426                                 3.164247814443758
