300                                               7.711765427203911                                 2.631625125664372
305                                               8.948901908871736                                 3.7404631136923276
309.99999999999994                                9.56631407421373                                  5.320864949962652
314.99999999999994                                9.556984095907525                                 7.361967426191997
319.99999999999994                                9.048148437737998                                 9.789500361183638
325                                               8.209093533883351                                 12.453709922922313
330                                               7.223355286447155                                 15.154170812758034
335                                               6.265472801532988                                 17.70457762475416
340                                               5.460019256434491                                 19.991682657838254
345                                               4.856026732775655                                 21.98310531583595
350                                               4.434534827584507                                 23.69668768731505
355                                               4.141093444083159                                 25.163257235630965
360                                               3.9141173025096876                                26.407102469884045
364.99999999999994                                3.7128007319616714                                27.436079355246825
369.99999999999994                                3.4982324430828777                                28.28793094724078
374.99999999999994                                3.2780464307259205                                28.944854814333514
379.99999999999994                                3.106934616537683                                 29.496314008763804
385                                               2.9904268177631135                                30.046679008198687
390                                               3.0477719057896024                                30.520878134390212
395                                               3.4307290400661357                                30.993492551925453
400                                               4.117156880536273                                 31.536455517312575
405                                               5.128575836690364                                 31.871213352315788
410                                               6.464071136457469                                 31.369965188412905
415                                               8.108761721918613                                 29.555936841106988
419.99999999999994                                9.560260625374038                                 26.381449183635564
424.99999999999994                                10.488359164259826                                22.06725739805657
429.99999999999994                                10.742030744884888                                17.440549401503134
434.99999999999994                                10.068894239915249                                13.118135123343807
439.99999999999994                                9.424173194142156                                 9.556570384816522
445                                               8.89303201232339                                  6.993470425872294
450                                               8.308480865018455                                 5.140299704642814
455                                               7.697649847968223                                 3.8039889831621747
460                                               6.88214031041014                                  2.8118148457519174
465                                               6.330671737028572                                 2.1046879704139734
470                                               5.874375658120367                                 1.5892434411640464
474.99999999999994                                5.48000219458302                                  1.2070432581989325
480                                               5.157713012307517                                 0.9211509656680414
484.99999999999994                                4.908614974466569                                 0.7055831462430674
490                                               4.730281989226713                                 0.5420607645459576
494.99999999999994                                4.6148139975009475                                0.41759026253261566
500                                               4.622613362162717                                 0.323512936675145
505                                               4.85711488094112                                  0.24850749039384815
509.99999999999994                                4.7660200460854485                                0.19007748994857962
515                                               4.748394488621997                                 0.14639374016561923
519.9999999999999                                 4.765392151179782                                 0.11307077717317081
525                                               4.792929251407237                                 0.08770741105198022
530                                               4.814938433749159                                 0.06858368770821162
535                                               4.811046337612022                                 0.0544136363369383
540                                               4.642115326415971                                 0.04452094107126407
545                                               4.683984831247263                                 0.037251665625194025
550                                               5.829697379225867                                 0.03012762566170538
555                                               6.403845903849625                                 0.026508515020196032
560                                               7.070743187828811                                 0.0246002557840756
564.9999999999999                                 7.945605801248784                                 0.023884105699285833
570                                               9.095569014435744                                 0.02405439762652606
574.9999999999999                                 10.535809627921596                                0.024881740111001364
580                                               12.276011817923651                                0.02618350125610328
584.9999999999999                                 13.920021060244336                                0.027763518928576578
590                                               13.413608510471969                                0.02781041213805123
595                                               17.612449298169764                                0.027826720707784143
600                                               22.428483774863146                                0.029804361128005368
605                                               26.59732631909017                                 0.03121512405683054
610                                               30.707662791253775                                0.032155336603005
615                                               34.86123562201182                                 0.03269006094060865
619.9999999999999                                 39.01394288578613                                 0.03284581833743171
625                                               43.148150244721464                                0.032668603855934085
629.9999999999999                                 46.99527886287502                                 0.03213767868385196
635                                               49.66565443014675                                 0.03107857937191354
639.9999999999999                                 47.88081959455139                                 0.028802619295003024
645                                               54.183411709524876                                0.02852384107480285
650                                               60.075362662477936                                0.027955381999468766
655                                               64.03654531432363                                 0.02688390344925674
660                                               67.27215525388547                                 0.025652697957460502
665                                               70.09688484647582                                 0.024366170540108742
670                                               72.6285134764341                                  0.023068144484656362
674.9999999999999                                 74.8498514616815                                  0.021774154580794805
680                                               76.71718636582285                                 0.020490529001193948
684.9999999999999                                 77.9596490764666                                  0.019192181031717787
690                                               77.167676355841                                   0.017769411096223018
694.9999999999999                                 77.74484344889484                                 0.016821744201341336
700                                               81.78266290725333                                 0.016089637509775833
704.9999999999999                                 83.88276600095081                                 0.015177086747570205
710                                               85.31941941198032                                 0.014275592373405218
715                                               86.46625588603058                                 0.013419127191076085
720                                               87.43971532454945                                 0.012613765429921866
725                                               88.28699525882426                                 0.01185820198483433
729.9999999999999                                 88.99701721693407                                 0.01114763846620814
735                                               89.5213359340141                                  0.010475231540446814
739.9999999999999                                 89.61169167032426                                 0.009824616426109144
745                                               88.61704376344888                                 0.009200807449553181
749.9999999999999                                 89.78197021298473                                 0.00878525227800712
755                                               91.3482087646811                                  0.008340016283109538
759.9999999999999                                 92.14014800594671                                 0.007885296939675041
765                                               92.67597269410392                                 0.0074548058486926996
770                                               93.10118512969832                                 0.007051856878692972
775                                               93.45960789627689                                 0.006675154963241072
780                                               93.76363412475823                                 0.006322561355901468
784.9999999999999                                 94.00652906223353                                 0.005991506579825682
790                                               94.14478400919796                                 0.005678524885901846
794.9999999999999                                 94.00926365101759                                 0.0053787435591991315
800                                               93.51490756459815                                 0.0051081615897627984
