300                                               9.076406729351788                                 2.7924830071417857
302.99999999999994                                9.05074278033317                                  3.4705563301266014
306                                               8.992650068894703                                 4.3319996614391565
309                                               8.912576336894983                                 5.376302689639627
312                                               8.815269080965132                                 6.593753665428694
314.99999999999994                                8.698575864150824                                 7.964163344518413
318                                               8.554411296772194                                 9.456697739413201
321                                               8.37187642897642                                  11.031645900554858
324                                               8.141655046496307                                 12.644402029094994
326.99999999999994                                7.859948832851613                                 14.251045377798548
330                                               7.5299999324702505                                15.814311369652179
333                                               7.160527706116106                                 17.308223137383788
336                                               6.762784075183431                                 18.71930154572419
338.99999999999994                                6.348683657256597                                 20.043740614701463
342                                               5.930237026100882                                 21.282843766360376
345                                               5.518650653635185                                 22.43961539703209
348                                               5.122624716067099                                 23.517080354583523
350.99999999999994                                4.7474467267314875                                24.516869610963145
354                                               4.396408756714763                                 25.438533394733668
357                                               4.069030677713769                                 26.284015043627033
360                                               3.762033007952919                                 27.05066989199011
362.99999999999994                                3.4822400176259274                                27.72697710768387
366                                               3.232673137779269                                 28.32874492096087
369                                               2.996510950251755                                 28.88480148331008
372                                               2.7727299547190563                                29.373087553285725
374.99999999999994                                2.5993069572040337                                29.751013239733904
378                                               2.4974125046131674                                30.069172673756068
381                                               2.439088329486866                                 30.42115601508028
384                                               2.402888579602782                                 30.828401612614048
386.99999999999994                                2.404481339574225                                 31.22880965185231
390                                               2.5169542143914163                                31.49896045874847
393                                               2.7948823269759955                                31.66667373448282
395.99999999999994                                3.1917639796324377                                31.882152977493266
398.99999999999994                                3.6626827495008016                                32.16293978727408
402                                               4.191365595961231                                 32.433683790202515
405                                               4.750182963871978                                 32.58961174183648
407.99999999999994                                5.306313347608326                                 32.40514238998115
410.99999999999994                                5.936298727264655                                 31.54507680613967
414                                               6.684618702717268                                 30.071006353354022
417                                               7.409345389752577                                 28.191744866131607
419.99999999999994                                7.999456810375115                                 25.960278401415405
422.99999999999994                                8.411763381647265                                 23.45870327643833
426                                               8.634430387276042                                 20.829579088872837
429                                               8.670450832350712                                 18.242370083782692
431.99999999999994                                8.399640214304979                                 15.786781507308529
434.99999999999994                                7.605170032949145                                 13.3522446749879
438                                               6.708985434223115                                 10.996705483441058
441                                               6.198578092652401                                 9.045851685654224
443.99999999999994                                5.89740168488166                                  7.4867504545417525
446.99999999999994                                5.727883294528527                                 6.2321812882591
450                                               5.6836778440285975                                5.219915777399333
453                                               5.75939700144099                                  4.399550807093815
455.99999999999994                                5.829011536779143                                 3.7129911278926557
458.99999999999994                                5.563427757192022                                 3.0930953869010622
462                                               5.313830647720478                                 2.5767754764052153
465                                               5.279325769874472                                 2.1663997038079006
467.99999999999994                                5.368407922921394                                 1.8317530004912654
470.99999999999994                                5.525275823137928                                 1.5538691049937687
474                                               5.714474119453892                                 1.3203084045402793
477                                               5.905608632864827                                 1.1232001220283678
480                                               6.108403908448456                                 0.9572238744544918
483                                               6.322188081001332                                 0.8171001385140723
485.99999999999994                                6.53153790405613                                  0.6983724502298971
488.99999999999994                                6.728963801089023                                 0.597806819828294
491.99999999999994                                6.9159395470341885                                0.5125237555403453
494.99999999999994                                7.066554534647421                                 0.44024105359669835
498                                               7.206472621631847                                 0.38001007310123713
501                                               7.5485126609077895                                0.33064042426734336
504                                               8.253157163826945                                 0.285302119126252
507                                               8.582793127009763                                 0.2418833418400038
509.99999999999994                                8.576060416932222                                 0.20570917661879734
512.9999999999999                                 8.501778426352361                                 0.17597846361953073
516                                               8.422121978780153                                 0.15095721705805445
519                                               8.324495359876117                                 0.1297008911165688
522                                               8.195762325922088                                 0.11156492188189741
525                                               8.019535774867501                                 0.09611491672027223
528                                               7.77708766466071                                  0.08299954422385229
531                                               7.419781014939432                                 0.072022455496407
533.9999999999999                                 6.925186800589389                                 0.06308424815666418
536.9999999999999                                 6.3083464454865945                                0.05590354747908533
540                                               5.39636760361556                                  0.05078192215178064
543                                               4.292391795237641                                 0.04785395214810924
546                                               3.955743306079544                                 0.04457328939321922
549                                               4.4409742416059785                                0.039478489388949
552                                               4.72931387434877                                  0.03479593602589673
555                                               4.528963563987225                                 0.03164746361593262
557.9999999999999                                 4.154966643266475                                 0.029548988083979977
560.9999999999999                                 4.116207282564073                                 0.027400366340187065
564                                               4.238117807141109                                 0.02551916968864164
567                                               4.264642830482555                                 0.024411667893129266
570                                               4.2493634798689035                                0.02381511126800718
573                                               4.5398678819575125                                0.023652410479748306
576                                               4.63067581451782                                  0.024565565737428248
578.9999999999999                                 4.634094775557802                                 0.025597182381703103
581.9999999999999                                 5.2104064029643595                                0.02720187009977975
584.9999999999999                                 5.675836788043486                                 0.02984192206573246
588                                               5.473392745602413                                 0.03237669894335401
591                                               3.654297679561924                                 0.03201742451403378
594                                               0.8897231785531001                                0.026638017485460873
597                                               0.5559483090387407                                0.022394766635341356
600                                               1.6346450068440221                                0.022288024327996526
602.9999999999999                                 2.372963997858642                                 0.021585716716165142
605.9999999999999                                 4.824301667406273                                 0.02193153727142321
608.9999999999999                                 8.454567593076913                                 0.024052143511139983
612                                               12.256541802288174                                0.02658290347746391
615                                               15.797995280388072                                0.028801124414668543
618                                               18.732354203768196                                0.030284955967701636
621                                               21.229225842741034                                0.031122168859973365
624                                               24.182661470694637                                0.031743936701000196
626.9999999999999                                 28.662508486966924                                0.032801234990275326
629.9999999999999                                 32.640021725283766                                0.03333135990232981
632.9999999999999                                 35.4684846569938                                  0.03305769237471892
636                                               36.342378778132925                                0.03172289432995098
639                                               32.277881192221024                                0.028438808531223568
642                                               21.25927053102801                                 0.02334126992391378
645                                               14.19952751580175                                 0.02083490996823916
648                                               18.822026119001137                                0.022374412285925575
650.9999999999999                                 29.53343378561069                                 0.025068160772237464
653.9999999999999                                 39.08822240730656                                 0.02668197982857483
656.9999999999999                                 45.99053849668511                                 0.027175548870744075
660                                               50.784827459958926                                0.026965401726009322
663                                               54.17299779478355                                 0.026376956486240947
666                                               57.10996994709807                                 0.025733958673408622
669                                               60.89166350809424                                 0.025193775853597673
672                                               64.0744105031104                                  0.024467313762378567
674.9999999999999                                 66.74210706883817                                 0.023627297392048385
677.9999999999999                                 68.81359927334519                                 0.02267649048015975
680.9999999999999                                 70.14947232478097                                 0.02161810114017744
684                                               70.57229632772281                                 0.02044900558506193
687                                               69.71408897530253                                 0.019121838520025757
690                                               65.56598910762075                                 0.017424277019372804
693                                               55.464981885577394                                0.015474595449963371
696                                               49.20846723163964                                 0.015092446035715638
698.9999999999999                                 58.19303131154936                                 0.016187587445386523
701.9999999999999                                 67.00916052246755                                 0.01647675207880223
704.9999999999999                                 72.50731850642053                                 0.016248938295662655
708                                               76.60301280422726                                 0.015833883995141945
711                                               79.38745591924898                                 0.01529134802294655
714                                               81.30241460678496                                 0.0147027362171841
717                                               82.64342261247212                                 0.01410555194047187
720                                               83.61989735235332                                 0.01352754148597547
722.9999999999999                                 84.64261499767662                                 0.012991143300769992
725.9999999999999                                 85.57314631784855                                 0.012462767384459335
728.9999999999999                                 86.24167999284022                                 0.011936003433252828
732                                               86.63486416170029                                 0.011412956201058274
735                                               86.70230132865187                                 0.010891191387284197
738                                               86.34452495415724                                 0.01036110113563916
741                                               85.01069740516915                                 0.009789750654690661
744                                               81.56683061845602                                 0.00916327200518143
746.9999999999999                                 76.03576959515918                                 0.008670859610888126
749.9999999999999                                 75.95666031828269                                 0.00873420201820954
752.9999999999999                                 81.61816564613906                                 0.00885121174565953
756                                               85.7999592131674                                  0.008700124412289104
759                                               88.12337061966558                                 0.008435708853656888
762                                               89.54103078184067                                 0.008147441513030478
765                                               90.5046851665863                                  0.007858345492334483
768                                               91.18106093374982                                 0.0075762070959275165
770.9999999999999                                 91.7033964180418                                  0.00730525300550084
773.9999999999999                                 92.11870408143356                                 0.007044511877966852
776.9999999999999                                 92.44699536296453                                 0.006793605886247758
780                                               92.6993977252236                                  0.006551520897513849
783                                               92.86841420715129                                 0.006316791191484489
786                                               92.93231756204652                                 0.0060875885577722656
789                                               92.8391002664885                                  0.005861190742064172
791.9999999999999                                 92.46904636390578                                 0.005633483340882239
794.9999999999999                                 91.55723039002551                                 0.005399795602834022
797.9999999999999                                 89.6619051246758                                  0.005166904231638046
