300                                               2.3200700762415294                                0.11788127781116116
305                                               2.433004492774922                                 0.09093951584781589
309.99999999999994                                2.4093862412658584                                0.07494267555948925
314.99999999999994                                2.270197412269552                                 0.06580102719913888
319.99999999999994                                2.0430821383738476                                0.06130718493292902
325                                               1.7605539490123403                                0.060325759202799124
330                                               1.4564057243303636                                0.06235550610968289
335                                               1.161221967412562                                 0.06728640149002259
340                                               0.8985404087337331                                0.07524736827430478
345                                               0.6828292385388167                                0.08648116864177045
350                                               0.5195932864335506                                0.10120868175431753
355                                               0.40712581450667457                               0.11946881127275784
360                                               0.3390358680424936                                0.14094948950504338
364.99999999999994                                0.306736868534823                                 0.16485640151562067
369.99999999999994                                0.30138148697671696                               0.18988488924311556
374.99999999999994                                0.31504854928981585                               0.21434887414150913
379.99999999999994                                0.3412185230270932                                0.23647166504144868
385                                               0.3747170242739755                                0.25477291978731537
390                                               0.4113997470066872                                0.2684293748527521
395                                               0.4478999974377841                                0.27748348249027627
400                                               0.48171047118259036                               0.28283371349562886
405                                               0.5116743329438493                                0.286033894600952
410                                               0.5386595386796346                                0.28900354685009844
415                                               0.56595230251426                                  0.29376659986533693
419.99999999999994                                0.598925911137141                                 0.3022928593226751
424.99999999999994                                0.6438702933813508                                0.31644986844486556
429.99999999999994                                0.7063323419984069                                0.338019405472116
434.99999999999994                                0.7896287587562528                                0.36870870526615224
439.99999999999994                                0.8941572448445454                                0.4100879155596086
445                                               1.0177792361515883                                0.46340473740904803
450                                               1.1570965889402445                                0.5292630112203163
455                                               1.3091354403955207                                0.607204279811895
460                                               1.4728903779554094                                0.6952907581257176
465                                               1.6503201834717842                                0.7898315193109253
470                                               1.8465985603391415                                0.8853944224167103
474.99999999999994                                2.0696033123546345                                0.9751925074841685
480                                               2.328725352879394                                 1.051838311022838
484.99999999999994                                2.633104711902389                                 1.1083540499707025
490                                               2.9894170062653616                                1.1392433371245538
494.99999999999994                                3.3994195173889548                                1.1413948220136705
500                                               3.85764482238599                                  1.1146111947205632
505                                               4.34981614583839                                  1.061637422146699
509.99999999999994                                4.852590763495804                                 0.9876836225630858
515                                               5.33500376251613                                  0.8995658613235442
519.9999999999999                                 5.761543181847699                                 0.8046770613948123
525                                               6.096367065299868                                 0.7100159059279888
530                                               6.308013620293357                                 0.6214432069829852
535                                               6.3741015546590605                                0.54323665949177
540                                               6.285735026427537                                 0.4779226471534182
545                                               6.051257671784222                                 0.4263151983058444
550                                               5.698437771525294                                 0.3877043538112308
555                                               5.273353185140136                                 0.3601943534202699
560                                               4.834306658853482                                 0.341227726501489
564.9999999999999                                 4.441871921971171                                 0.32824646913674266
570                                               4.151023348341435                                 0.3192719093523523
574.9999999999999                                 4.0117854181156085                                0.31320989051413717
580                                               4.076640280399664                                 0.30997817175104253
584.9999999999999                                 4.405550631125635                                 0.3105599320988126
590                                               5.063362776799882                                 0.31664830465690974
595                                               6.112710288603841                                 0.3296272278115388
600                                               7.6066882744989375                                0.34950438189379157
605                                               9.581676150324798                                 0.37466054081099315
610                                               12.05016763713924                                 0.4024405513376994
615                                               14.995678689142512                                0.4299801387274995
619.9999999999999                                 18.372033800819413                                0.4548103458872786
625                                               22.10753559099349                                 0.47514504348064235
629.9999999999999                                 26.112795270952425                                0.48993483204247695
635                                               30.290215201960486                                0.49878879591049513
639.9999999999999                                 34.54314981056387                                 0.5018357928758767
645                                               38.78330088232156                                 0.4995695056768898
650                                               42.93562967838113                                 0.4927035899188141
655                                               46.94074666871402                                 0.4820513174821101
660                                               50.755196343544185                                0.46843534838530154
665                                               54.350246472548655                                0.4526270277809274
670                                               57.709801171639754                                0.4353109599828778
674.9999999999999                                 60.827961165897406                                0.41706908839395257
680                                               63.70660352913349                                 0.3983784245083405
684.9999999999999                                 66.35320155274944                                 0.3796173488997012
690                                               68.77899109440871                                 0.36107656950803513
694.9999999999999                                 70.9975108478171                                  0.34297197431896487
700                                               73.02349020622911                                 0.32545758276252296
704.9999999999999                                 74.8720347181639                                  0.30863756093239614
710                                               76.55805506219413                                 0.2925767995269623
715                                               78.0958872567608                                  0.2773098893981184
720                                               79.49905736119187                                 0.26284852937492914
725                                               80.78015178255711                                 0.24918750855999452
729.9999999999999                                 81.95076238596154                                 0.2363094517996043
735                                               83.02148282054088                                 0.2241885263433507
739.9999999999999                                 84.00193847460218                                 0.21279329651589407
745                                               84.90083725826838                                 0.20208889215804576
749.9999999999999                                 85.72603210788961                                 0.1920386305863425
755                                               86.48458888359444                                 0.18260522691348238
759.9999999999999                                 87.18285542242118                                 0.173751629345017
765                                               87.82652892515686                                 0.1654416624437849
770                                               88.4207200167228                                  0.1576404268781789
775                                               88.9700124775319                                  0.1503145734066906
780                                               89.47851819610214                                 0.14343246419639252
784.9999999999999                                 89.9499272193297                                  0.13696425353754238
790                                               90.38755299767998                                 0.13088190999338611
794.9999999999999                                 90.79437305765612                                 0.12515919676512693
800                                               91.17306540989505                                 0.11977162299041853
