300                                               9.692144566248999                                 9.7666398625121
305                                               11.204438232526675                                11.60106728883248
309.99999999999994                                11.969414156168797                                13.934823743139686
314.99999999999994                                11.963819267974436                                16.62615518404514
319.99999999999994                                11.33556463071542                                 19.52236252668888
325                                               10.308822740714445                                22.455087185494595
330                                               9.1283253969682                                   25.266772397431776
335                                               8.013924170306183                                 27.849758383672746
340                                               7.120125663347069                                 30.165339421380924
345                                               6.522173497211729                                 32.22994934038403
350                                               6.2373093499262025                                34.07307069111432
355                                               6.269950520439002                                 35.69545430235524
360                                               6.608644201985975                                 37.09695071107181
364.99999999999994                                7.205217576583143                                 38.24765434080085
369.99999999999994                                7.988153474309939                                 39.0719470260703
374.99999999999994                                8.871083115503083                                 39.45457767039451
379.99999999999994                                9.803563548986762                                 39.33754856793111
385                                               10.630879762976662                                38.847878327022855
390                                               11.236295074408895                                37.98579663134776
395                                               11.590317153316578                                36.76493440238002
400                                               11.704714599809803                                35.243306839160766
405                                               11.614205486616662                                33.514124175799985
410                                               11.311943346841154                                31.686755069569838
415                                               10.669334359548142                                29.623791246051507
419.99999999999994                                10.280786560538118                                27.316625112478945
424.99999999999994                                9.992083409216752                                 25.319777999956305
429.99999999999994                                9.623496830538265                                 23.460727868013322
434.99999999999994                                9.204711253124323                                 21.70616356208145
439.99999999999994                                8.741341089639862                                 20.049098233849573
445                                               8.23552625333103                                  18.48563444487857
450                                               7.69381356618655                                  17.014817499907327
455                                               7.129579546023631                                 15.644038191994612
460                                               6.441005053091274                                 14.354559283888234
465                                               5.24143420616998                                  12.839736864128454
470                                               4.5198453565411345                                11.544381343094804
474.99999999999994                                3.891375350284036                                 10.383929372420017
480                                               3.2919397346052848                                9.28814518753323
484.99999999999994                                2.7545222297650493                                8.253929750558656
490                                               2.307308936901369                                 7.284281774840678
494.99999999999994                                1.9694321640154178                                6.382315994385946
500                                               1.7545266331126834                                5.551614095679656
505                                               1.6647053583241196                                4.79251501609304
509.99999999999994                                1.699944570354106                                 4.109150926146789
515                                               1.8584741941845409                                3.501853307092554
519.9999999999999                                 2.134703727587569                                 2.9704258388387506
525                                               2.523275481021757                                 2.5140626440474603
530                                               3.019446596593025                                 2.1313659727589664
535                                               3.6202596179178648                                1.820323738064882
540                                               4.3132437551604745                                1.579633057768621
545                                               5.0506321356824335                                1.4100624653477596
550                                               5.6113827761967014                                1.3196020890536162
555                                               5.243817643839073                                 1.2928905389880285
560                                               7.684604382486109                                 1.1268191658701459
564.9999999999999                                 10.23709310402421                                 1.1257585248751243
570                                               12.285295300774294                                1.1931132187248907
574.9999999999999                                 14.402084681476682                                1.2946146428634382
580                                               16.70239674788378                                 1.4215659890564158
584.9999999999999                                 19.233596890242918                                1.5683220888117329
590                                               21.972376358589965                                1.728112015458012
595                                               24.905925596812676                                1.894222171391906
600                                               28.0031703869623                                  2.060312656226926
605                                               31.190247869905313                                2.2194473895898517
610                                               34.53788318426464                                 2.3677989942408377
615                                               37.99018962508244                                 2.5043075868632956
619.9999999999999                                 41.4267489533325                                  2.6226512784020537
625                                               44.823660452689936                                2.7211103774514513
629.9999999999999                                 48.151349545157025                                2.7988237880475375
635                                               51.38713179360669                                 2.8560534467024064
639.9999999999999                                 54.45896486297491                                 2.892231570464714
645                                               57.2837202674376                                  2.907002795972436
650                                               59.60940029152223                                 2.896542151685492
655                                               60.2864422471879                                  2.838299625842634
660                                               54.93524036190978                                 2.65225379238902
665                                               60.1585779204294                                  2.693547175938625
670                                               66.83617064512876                                 2.738537029318897
674.9999999999999                                 70.40316163703065                                 2.713111423211655
680                                               72.90227580185645                                 2.663354165540682
684.9999999999999                                 74.96945710361746                                 2.603356657368039
690                                               76.76642800233262                                 2.537308493586565
694.9999999999999                                 78.36630560853514                                 2.467599714676726
700                                               79.80967831588256                                 2.395754429481265
704.9999999999999                                 81.12008652631685                                 2.322830776220725
710                                               82.3150006178633                                  2.249641426390499
715                                               83.4059909764932                                  2.1767886241471555
720                                               84.40213939764912                                 2.1047350117772363
725                                               85.30825236130723                                 2.033803643431715
729.9999999999999                                 86.11696056519375                                 1.9641894257856503
735                                               86.87864421231664                                 1.8968542873085639
739.9999999999999                                 87.61226901286605                                 1.831453818545018
745                                               88.2660231700733                                  1.7676625958529122
749.9999999999999                                 88.85372049187617                                 1.705723997485581
755                                               89.37810465140139                                 1.645617954966099
759.9999999999999                                 89.83027349772298                                 1.5871566104187087
765                                               90.17825274963299                                 1.5298794264403952
770                                               90.31668467100688                                 1.4726427903212822
775                                               89.85392103640721                                 1.4125527833040767
780                                               87.94383653512882                                 1.3516166896267672
784.9999999999999                                 88.96446641611523                                 1.3288137898644299
790                                               91.10765918277437                                 1.2975466213129214
794.9999999999999                                 92.06150571247383                                 1.256717609527182
800                                               92.60208006892103                                 1.2157095427662699
