
300                                               0.6618928781938359                                0.06770303652163769
305                                               0.6106858738183172                                0.14077039602312386
309.99999999999994                                0.4226371301813044                                0.3043908446842443
314.99999999999994                                0.1632227241917026                                0.6331589094879325
319.99999999999994                                0.07769746177187269                               1.2086647510164281
325                                               0.5563280756352049                                2.046061530859156
330                                               1.7438751105522978                                3.0166823933061253
335                                               3.173518031877027                                 3.9229327402107366
340                                               4.185317857781784                                 4.678029353567482
345                                               4.550641305759238                                 5.329748615106909
350                                               4.4618837904265485                                5.955961091566068
355                                               4.2099174485830195                                6.599400542535658
360                                               3.9904003117894304                                7.2636418292998135
364.99999999999994                                3.8980073358736558                                7.923692669945191
369.99999999999994                                3.982700193762355                                 8.560057792721418
374.99999999999994                                4.307103273285852                                 9.118792586143137
379.99999999999994                                4.810459361830128                                 9.613409578676682
385                                               5.2998257607505845                                10.086165202425835
390                                               5.486635501019756                                 10.49618105993921
395                                               5.099222816318126                                 10.938500432141081
400                                               4.1478412253617885                                11.517199255307155
405                                               2.7472197583778843                                12.149976635087064
410                                               1.0844374936771826                                12.45692317621571
415                                               0.5489821919651776                                11.860578486182416
419.99999999999994                                5.628566909346444                                 9.547335475822168
424.99999999999994                                19.05212430947881                                 6.019254011844689
429.99999999999994                                35.0460745833045                                  3.2025322909193554
434.99999999999994                                47.96188097546883                                 1.6282202432012551
439.99999999999994                                57.42064703067704                                 0.8466364595987252
445                                               64.2555820503888                                  0.4716397989081028
450                                               69.33628294568155                                 0.2778883136302902
455                                               73.38627213486858                                 0.16868513834201998
460                                               77.00632574852771                                 0.09962894167215212
465                                               80.32580970092391                                 0.05722878735444
470                                               83.2731872535024                                  0.03174279054116118
474.99999999999994                                85.73762828096679                                 0.017230796330787782
480                                               87.69343986416295                                 0.009386957834399018
484.99999999999994                                89.2134717873021                                  0.005232722578696166
490                                               90.3992389569992                                  0.0030143689449703827
494.99999999999994                                91.33937446614084                                 0.001797631306739921
500                                               92.10110364785098                                 0.0011072956683058157
505                                               92.73292064347412                                 6.863797186979971E-4
509.99999999999994                                93.26304919019009                                 4.239056521477311E-4
515                                               93.72284869514324                                 2.5980476561828555E-4
519.9999999999999                                 94.13004867576694                                 1.556375322413194E-4
525                                               94.49544999669855                                 9.127846454148705E-5
530                                               94.82440063597775                                 5.326397612792597E-5
535                                               95.11963069354084                                 3.181515860417628E-5
540                                               95.38346217930142                                 2.036882913115986E-5
545                                               95.6196477432304                                  1.3906953628325878E-5
550                                               95.83247086475338                                 9.265884394459412E-6
555                                               96.02253169451276                                 7.5447877342920704E-6
560                                               96.19397566218798                                 7.014768217512473E-6
564.9999999999999                                 96.34991954820916                                 7.23872610715054E-6
570                                               96.4934079068679                                  7.933423661896401E-6
574.9999999999999                                 96.62717266977225                                 8.71423735460682E-6
580                                               96.7525303843472                                  9.114640852120275E-6
584.9999999999999                                 96.86885985504183                                 8.905094388247227E-6
590                                               96.97399947081577                                 7.964317404802213E-6
595                                               97.07176451531492                                 7.262892181762063E-6
600                                               97.16180361284667                                 6.918024383439702E-6
605                                               97.24405135975633                                 6.666752903409103E-6
610                                               97.31975264402632                                 6.619572726288079E-6
615                                               97.38965440138715                                 6.826700083645461E-6
619.9999999999999                                 97.45418215862426                                 7.355803992072379E-6
625                                               97.51345992509013                                 8.342430349134726E-6
629.9999999999999                                 97.56701816703827                                 1.0078543793483317E-5
635                                               97.61288511503469                                 1.3121876348301537E-5
639.9999999999999                                 97.64968774903046                                 1.636341896876794E-5
645                                               97.68397775336712                                 2.282438785271427E-5
650                                               97.68649157445198                                 4.0542011704766285E-5
655                                               97.6680188784633                                  6.35923252519237E-5
660                                               97.73498354297357                                 5.1533607910651596E-5
665                                               97.83943578864938                                 2.5807031065653693E-5
670                                               97.9103055504182                                  1.2977378196359305E-5
674.9999999999999                                 97.960885036314                                   7.259346182957116E-6
680                                               98.00195662931934                                 4.45916242444278E-6
684.9999999999999                                 98.03787305149858                                 2.9378342136491753E-6
690                                               98.07025665383095                                 2.0539278421274966E-6
694.9999999999999                                 98.10044731696529                                 1.5936717951193344E-6
700                                               98.12949329859978                                 1.22099720885071E-6
704.9999999999999                                 98.15666700904987                                 9.523133193175951E-7
710                                               98.18237023516879                                 7.636559988722313E-7
715                                               98.20680881892974                                 6.270373996692827E-7
720                                               98.23011044689363                                 5.254635545731459E-7
725                                               98.25237082758109                                 4.482973602109441E-7
729.9999999999999                                 98.27366641446444                                 3.8862066145128466E-7
735                                               98.29406146507208                                 3.4180301213532375E-7
739.9999999999999                                 98.31360674195905                                 3.046699537188642E-7
745                                               98.3323325600238                                  2.7613978668816064E-7
749.9999999999999                                 98.35037716969534                                 2.54998723139404E-7
755                                               98.36774144416995                                 2.3604708898578994E-7
759.9999999999999                                 98.38442439273757                                 2.2088551978745438E-7
765                                               98.40047674054611                                 2.091400926109035E-7
770                                               98.4159359250735                                  2.0030762553578162E-7
775                                               98.43083403819399                                 1.9405216509143065E-7
780                                               98.44520011298802                                 1.9017484969490925E-7
784.9999999999999                                 98.45906071880896                                 1.88597708658954E-7
790                                               98.47243960804666                                 1.893632519990627E-7
794.9999999999999                                 98.48535485397377                                 1.9263219289681922E-7
800                                               98.49782133699951                                 1.9842671166947622E-7
