300                                               26.679480808414464                                0.0028014342966831566
302.99999999999994                                37.314475326604374                                7.199484872433292E-4
306                                               37.567303016380635                                4.235701136653402E-5
309                                               37.588305340227805                                0.001096482066011602
312                                               35.05512399349809                                 5.153716986234442E-6
314.99999999999994                                35.050669294258405                                0.00860366412192266
318                                               36.49321004506839                                 0.0035323017896301463
321                                               36.04206427981541                                 0.005766009531705833
324                                               34.14404827860426                                 0.038172909048661635
326.99999999999994                                33.45391726531199                                 0.011459366233818248
330                                               33.062163510174045                                1.7663963168728625E-4
333                                               32.96159452591485                                 0.015543651921493689
336                                               32.505194703552185                                0.0058775263139349545
338.99999999999994                                31.923195305772754                                4.45651448558433E-4
342                                               30.994842895324314                                0.02810978099033148
345                                               29.457851367686644                                5.924778552732062E-4
348                                               28.960848625041518                                0.08977845742574907
350.99999999999994                                29.12606263299608                                 0.06825168634642081
354                                               27.36660502917998                                 0.08972642862130747
357                                               27.00823340182036                                 0.059391745771255285
360                                               27.41083284781173                                 0.059145321855153477
362.99999999999994                                29.575768763200195                                0.010936367314046617
366                                               27.906177750775672                                0.045739978825022495
369                                               26.672464393057655                                5.172982860770449E-4
372                                               29.679295190391414                                0.004381811290056808
374.99999999999994                                28.02851018263827                                 0.007793543517998395
378                                               28.055927562140592                                0.00781460542454649
381                                               29.970022853934037                                0.004327232777555376
384                                               38.728909590112025                                2.314990559083856E-4
386.99999999999994                                83.76535412927831                                 4.117367470901937E-5
390                                               53.799716598865764                                5.54720183487945E-4
393                                               35.347680233026814                                6.322889069274494E-5
395.99999999999994                                25.24913382040608                                 1.3424530673067617E-5
398.99999999999994                                24.707482403198835                                4.4397245963210965E-6
402                                               23.043380135263185                                5.0711018016390554E-5
405                                               18.906966640881386                                3.7276991068615075E-7
407.99999999999994                                17.23437077773486                                 1.1759142009121927E-5
410.99999999999994                                20.155037021986313                                2.003411164284555E-5
414                                               19.5983130283492                                  3.508321853529692E-7
417                                               21.82152368554034                                 1.632821638364355E-5
419.99999999999994                                23.54765586411353                                 4.931451125864313E-6
422.99999999999994                                28.005450472534122                                1.7105487375571065E-6
426                                               28.30030662434727                                 1.413594968600642E-6
429                                               28.429325592130354                                3.0474552140410504E-8
431.99999999999994                                29.843010498606056                                6.250373716210869E-7
434.99999999999994                                31.51256953155368                                 2.2908890999749768E-6
438                                               29.2318122266494                                  2.123991838927145E-8
441                                               29.749248387264508                                1.2274799756869424E-7
443.99999999999994                                31.49799842196049                                 1.235845296610445E-7
446.99999999999994                                32.748320397965855                                4.614482920200065E-9
450                                               34.53202511737327                                 4.2461364313608216E-7
453                                               33.30747451975466                                 4.268511137857047E-7
455.99999999999994                                33.67780061040806                                 2.6785662274478876E-7
458.99999999999994                                34.574184099329074                                1.9079351408490345E-7
462                                               36.38315110749555                                 8.773073998015254E-8
465                                               36.84017561481902                                 4.232137991301952E-8
467.99999999999994                                65.97495485653543                                 1.6601791395797908E-9
470.99999999999994                                34.26848062090933                                 4.48410076833647E-9
474                                               34.92978389113121                                 7.664718190227885E-11
477                                               33.88266508330843                                 2.1831208793426965E-10
480                                               31.119828954655617                                6.253690448744843E-10
483                                               31.719064467812423                                1.030032865474293E-8
485.99999999999994                                30.4193680564606                                  3.358702837214463E-8
488.99999999999994                                29.53387699229954                                 1.1631479860203645E-7
491.99999999999994                                28.468919030452295                                5.1455998301130126E-8
494.99999999999994                                33.41813709683489                                 2.758636842424959E-6
498                                               31.96270394346012                                 7.990499806420925E-7
501                                               35.04374119394787                                 1.3708125134125614E-6
504                                               37.166196994245695                                3.8003337724681445E-6
507                                               40.41334432442642                                 2.552055422962378E-5
509.99999999999994                                43.73326821524843                                 1.0583617787402841E-4
512.9999999999999                                 52.32246942062174                                 1.5993510401303144E-4
516                                               53.74762820392649                                 6.448131816824516E-4
519                                               56.62450469029072                                 9.05615349259338E-4
522                                               57.39209109999882                                 0.0014659040600574847
525                                               55.132926919840905                                0.0013047051121501372
528                                               54.07408988121247                                 1.5588373703044907E-4
531                                               57.12822266935288                                 5.496083938064597E-5
533.9999999999999                                 62.327739302851924                                6.151453117495809E-4
536.9999999999999                                 70.32000209039374                                 2.814742331269279E-4
540                                               68.01523490416949                                 0.0020918473512150804
543                                               67.60558086724888                                 8.659692206608445E-4
546                                               75.59351810016705                                 4.958337374056848E-4
549                                               74.62061264504653                                 0.001273339045242204
552                                               75.11652206486633                                 8.565953305602089E-4
555                                               76.88075371197324                                 3.579153887815116E-4
557.9999999999999                                 78.54211423063425                                 2.4453676554842023E-4
560.9999999999999                                 80.5242191652119                                  2.97025509559809E-4
564                                               82.28594177816032                                 1.982123700717395E-4
567                                               84.19214599843815                                 1.1392487495413352E-4
570                                               86.31070620406625                                 6.505650259036093E-5
573                                               90.66715767740112                                 1.5940714544382357E-4
576                                               95.05748400092362                                 1.2056677096310618E-4
578.9999999999999                                 98.35947887848671                                 4.1362193388003366E-5
581.9999999999999                                 24.603263662765638                                0.0015882628642465237
584.9999999999999                                 62.89684004806977                                 5.596455181871223E-4
588                                               76.29940545745042                                 0.0015912179956281119
591                                               75.23864155685493                                 0.0017483695533762407
594                                               81.67621086890301                                 0.0074757786895759916
597                                               82.801356908006                                   0.017379984249036563
600                                               83.97306055505364                                 0.037643088762879355
602.9999999999999                                 85.12436652382208                                 0.07249475408678725
605.9999999999999                                 86.184682918122                                   0.13113706022524796
608.9999999999999                                 86.8263130569343                                  0.23138155996643456
612                                               87.62163737457192                                 0.2647984021054127
615                                               89.67864934778748                                 0.04788443267856527
618                                               90.24496733794713                                 8.193233288047571E-4
621                                               90.3084223774124                                  0.017768374750599582
624                                               90.6903230127318                                  0.00684964865439408
626.9999999999999                                 90.66047203881352                                 0.07559791089999156
629.9999999999999                                 90.3148920615181                                  0.039024868630191556
632.9999999999999                                 89.65157531328832                                 0.006172841816959227
636                                               91.22000106145727                                 0.00335408859203501
639                                               91.28518971693877                                 0.01819244704844818
642                                               89.50820423886933                                 0.08289388513501057
645                                               81.40817700868533                                 3.247777571684816
648                                               93.03691496979971                                 0.0012512821137817688
650.9999999999999                                 87.44651517434366                                 1.4578021915452772
653.9999999999999                                 80.05625458684715                                 2.976279910604694
656.9999999999999                                 88.58473260220993                                 0.7660102728036807
660                                               92.89250706558313                                 0.39242363051831697
663                                               93.8812989833133                                  0.030005289095301806
666                                               91.27475010872841                                 0.7733668936298499
669                                               85.08915083479368                                 2.763594156631868
672                                               77.77699340728039                                 5.530196210380811
674.9999999999999                                 79.5473465888805                                  5.191522972219953
677.9999999999999                                 84.69225985937535                                 4.542444086663401
680.9999999999999                                 88.09751165248598                                 3.464676177443574
684                                               91.73588263725662                                 2.2038237167547097
687                                               94.06712848002353                                 0.0282380633084897
690                                               84.26037855587585                                 5.48893534312461
693                                               83.66479831115566                                 5.928546997557574
696                                               81.02108934673046                                 7.145077043335254
698.9999999999999                                 78.168495439899                                   8.585388475285137
701.9999999999999                                 69.33100551125314                                 9.999265928930638
704.9999999999999                                 70.39080790476106                                 10.47706980517397
708                                               74.5186832414283                                  8.953697008894279
711                                               79.79530962664423                                 7.021276281911579
714                                               87.14336394433359                                 1.5724557628376048
717                                               86.84284033077668                                 3.4845716162574027
720                                               40.377116486798414                                0.7975851663611341
722.9999999999999                                 81.467608522187                                   3.226596579748723
725.9999999999999                                 85.06053341748418                                 3.7383609269366174
728.9999999999999                                 89.97384647904605                                 1.09779528270741
732                                               90.01936824137492                                 2.2879821535329095
735                                               90.34509269261152                                 2.6052385830137683
738                                               90.63942213077397                                 2.6607941442176597
741                                               89.55401717429443                                 3.9438502059535443
744                                               88.23219484723607                                 5.117655240385952
746.9999999999999                                 85.74985995894463                                 6.910262202887553
749.9999999999999                                 82.08085608119792                                 9.084208633744305
752.9999999999999                                 74.10487216212054                                 11.848696040968463
756                                               82.76990329068975                                 7.055920022372061
759                                               86.53515057765283                                 4.30850281683552
762                                               91.00406284041199                                 1.6002198166300654
765                                               91.01568697285603                                 1.6293198805929239
768                                               92.36684597391596                                 0.9400181657980174
770.9999999999999                                 93.26513322764912                                 0.5178010723522534
773.9999999999999                                 94.22945681553769                                 0.14308881595411377
776.9999999999999                                 92.09315662229353                                 0.6247560646244179
780                                               92.73530122721469                                 0.23900895948657283
783                                               92.07002021252407                                 0.01991847531555363
786                                               87.98312992311787                                 0.023442337895045844
789                                               76.65482930975767                                 0.1322177385063969
791.9999999999999                                 41.74281243315413                                 0.011705672710759767
794.9999999999999                                 70.30224217655578                                 0.6785324267879171
797.9999999999999                                 82.03184954239325                                 2.269210803732576
