300                                               9.810030306375506                                 2.7784923303392817
302.99999999999994                                10.805115646957686                                3.415201734058681
306                                               11.5679081088103                                  4.225892797197096
309                                               12.061878048604683                                5.211783476029685
312                                               12.279167815049998                                6.36663692944838
314.99999999999994                                12.231221097679494                                7.675504650826801
318                                               11.943511104301361                                9.114674222493784
321                                               11.454034383955596                                10.653393045296948
324                                               10.81284964546044                                 12.257323188745726
326.99999999999994                                10.079762534266528                                13.892849172913625
330                                               9.319022553520243                                 15.530945882870233
333                                               8.59220954302771                                  17.149514974505344
336                                               7.951771609374987                                 18.733668960520664
338.99999999999994                                7.437270376427227                                 20.274062853589147
342                                               7.074807967974787                                 21.763888017633395
345                                               6.8785031158235626                                23.195470357643288
348                                               6.852169701109373                                 24.557493214540887
350.99999999999994                                6.989795351374132                                 25.83362928125882
354                                               7.274539470415466                                 27.00321996858284
357                                               7.676576480592547                                 28.044200940753303
360                                               8.15279706003868                                  28.935794107459753
362.99999999999994                                8.650277632803391                                 29.663005123430196
366                                               9.108611718382347                                 30.22410556275329
369                                               9.465860709889954                                 30.628253761350397
372                                               9.673396294347857                                 30.888096799120518
374.99999999999994                                9.707894076979642                                 31.02379771752463
378                                               9.56461797702602                                  31.074941542845462
381                                               9.249943678676942                                 31.085198311887382
384                                               8.791705484892422                                 31.086279734337765
386.99999999999994                                8.23994358444114                                  31.097690740869183
390                                               7.673843716902382                                 31.125751441332383
393                                               7.181597078863637                                 31.204210029295112
395.99999999999994                                6.817462037313918                                 31.373791337893547
398.99999999999994                                6.642617473209973                                 31.62972783920533
402                                               6.730358702120507                                 31.94192151969267
405                                               7.150733400925765                                 32.252233204764735
407.99999999999994                                7.969885117107121                                 32.44407825446226
410.99999999999994                                9.269186066725306                                 32.34166222766534
414                                               11.041648021594405                                31.838939516831527
417                                               13.155450906984642                                30.797887628299613
419.99999999999994                                15.427669541407814                                29.08742865853728
422.99999999999994                                17.612984458956362                                26.71061496127966
426                                               19.457715998020863                                23.822896445889626
429                                               20.772533871701064                                20.684353145439335
431.99999999999994                                21.449062522160663                                17.564401535972884
434.99999999999994                                21.444443743199628                                14.63302112027915
438                                               21.061136759929624                                12.015490460204347
441                                               20.480642575601912                                9.829292341939833
443.99999999999994                                19.68017549828804                                 8.037723281624094
446.99999999999994                                18.723557159965367                                6.582467177031915
450                                               17.671301560491848                                5.408494089542775
453                                               16.52584178643876                                 4.463706967488642
455.99999999999994                                15.114971097730553                                3.6886886998712343
458.99999999999994                                13.579596252376062                                3.0363752892641034
462                                               12.382215619272381                                2.518707055538224
465                                               11.287948394889941                                2.10462646075492
467.99999999999994                                10.212628725074033                                1.7663921746775886
470.99999999999994                                9.159511977857743                                 1.4874851653583732
474                                               8.140024976729892                                 1.25609313309387
477                                               7.166811271736413                                 1.0632343530795552
480                                               6.248628965537365                                 0.9017970682903916
483                                               5.392685608608929                                 0.7661281236906545
485.99999999999994                                4.60568176165638                                  0.6517331580833509
488.99999999999994                                3.8934732170762216                                0.5550085347983054
491.99999999999994                                3.2601972938596755                                0.47303298127084814
494.99999999999994                                2.711592258493268                                 0.4035052094227909
498                                               2.258139146833524                                 0.3446381273586775
501                                               1.923679197463992                                 0.2949733917333256
504                                               1.666821913702337                                 0.2513875936482051
507                                               1.3979278314844548                                0.21302639093098005
509.99999999999994                                1.2295495330689254                                0.18111841980614285
512.9999999999999                                 1.1599753338542997                                0.1541967873011551
516                                               1.1751889086729355                                0.13134317053688108
519                                               1.268895992304282                                 0.11193668312454189
522                                               1.4368766739264105                                0.09548073927140051
525                                               1.6754957386879963                                0.08156301285403077
528                                               1.980962617591398                                 0.06983616688290742
531                                               2.3489085688134943                                0.060004717559987625
533.9999999999999                                 2.773763135587856                                 0.05181598486829148
536.9999999999999                                 3.2351761571556614                                0.04509149837034143
540                                               3.6829925412812354                                0.039712949952438945
543                                               4.036611568539276                                 0.035496623803203085
546                                               4.771318833830599                                 0.031240710170544556
549                                               5.933353872880211                                 0.027538538429257166
552                                               6.9568966045190095                                0.025028982384022066
555                                               7.959944792302921                                 0.023222071144036908
557.9999999999999                                 9.011342422824399                                 0.02192567368135325
560.9999999999999                                 10.12428218924014                                 0.021044643683122574
564                                               11.306793937492122                                0.02050581525561614
567                                               12.5630908191366                                  0.020250311367753262
570                                               13.893752668872587                                0.020229618972008385
573                                               15.29281021043204                                 0.020400494100494264
576                                               16.753197216862283                                0.02072215186372137
578.9999999999999                                 18.27109504989605                                 0.0211679862936166
581.9999999999999                                 19.786930296222703                                0.02171313209536913
584.9999999999999                                 21.147366177938725                                0.022310193432544652
588                                               21.854570509389703                                0.022757537368531366
591                                               21.976936654360063                                0.02241345503427247
594                                               24.83311266432382                                 0.022511628591468356
597                                               27.856178938754045                                0.023259155347798106
600                                               30.33496381333517                                 0.02393377200930498
602.9999999999999                                 32.611362288006625                                0.024497011524178002
605.9999999999999                                 34.80172148126908                                 0.024962346187341347
608.9999999999999                                 36.954008369281915                                0.02533977868424158
612                                               39.084409980920846                                0.025634842008175108
615                                               41.194294583572585                                0.025850169350452635
618                                               43.278701000516556                                0.02598749599778376
621                                               45.33215512711291                                 0.0260486192806015
624                                               47.359686976245705                                0.026040661290513176
626.9999999999999                                 49.319367588306065                                0.025960608324743794
629.9999999999999                                 51.15725194959381                                 0.025803106178072407
632.9999999999999                                 52.7437952719708                                  0.025549741233525252
636                                               53.67104409293908                                 0.025125880298440182
639                                               53.12958266366783                                 0.024348163615242533
642                                               54.044536240021856                                0.023734953657410848
645                                               57.82786713959022                                 0.023709681642938813
648                                               60.73419537042029                                 0.02353233074020983
650.9999999999999                                 62.93331042199418                                 0.02320201211481188
653.9999999999999                                 64.79614401103511                                 0.02279051370595024
656.9999999999999                                 66.47094558611444                                 0.02233136214639933
660                                               68.017567301983                                   0.021840981256416547
663                                               69.4638952184093                                  0.02132909573334461
666                                               70.83715917148508                                 0.02080393592711103
669                                               72.13484840967415                                 0.02026855880077991
672                                               73.35435337429024                                 0.019725809221228033
674.9999999999999                                 74.4944373604437                                  0.0191782446993914
677.9999999999999                                 75.54527063935734                                 0.01862699217076145
680.9999999999999                                 76.48030274446508                                 0.018071031062578107
684                                               77.23474002359679                                 0.01750525388702667
687                                               77.61927394262294                                 0.016912912858699114
690                                               77.19271724593379                                 0.016264257740564853
693                                               76.71168592175054                                 0.015677337982858357
696                                               78.690163372296                                   0.015340187439607566
698.9999999999999                                 80.66823881722343                                 0.014969651438642949
701.9999999999999                                 81.98671504856551                                 0.014541248660606063
704.9999999999999                                 82.97856180026426                                 0.014097590316937358
708                                               83.80360692499619                                 0.013655070892062826
711                                               84.5283405908609                                  0.013219951459658633
714                                               85.18384742746618                                 0.012794877927473185
717                                               85.78546068108962                                 0.012381021019531336
720                                               86.3444849820814                                  0.01197909140242533
722.9999999999999                                 86.86620859838283                                 0.01158908289164672
725.9999999999999                                 87.34834481444297                                 0.011210575763064501
728.9999999999999                                 87.78866402250893                                 0.010843168353093785
732                                               88.18001128981676                                 0.010486098062844746
735                                               88.50495135966182                                 0.01013800024994656
738                                               88.7160552952166                                  0.009796005357400602
741                                               88.6929610297155                                  0.009455133733159104
744                                               88.27229853762582                                 0.00911651025208178
746.9999999999999                                 88.12291488964395                                 0.00883023957403466
749.9999999999999                                 89.13168955576052                                 0.008603134406130121
752.9999999999999                                 90.077287602845                                   0.008360767351678075
756                                               90.6962674249663                                  0.008108185144146492
759                                               91.14194426121455                                 0.007857790122228783
762                                               91.50046873579963                                 0.0076139528606723045
765                                               91.80856661544846                                 0.00737794024093422
768                                               92.0836609371068                                  0.00715005552237974
770.9999999999999                                 92.33448380637037                                 0.006930215395555553
773.9999999999999                                 92.5652524510771                                  0.006718185907618284
776.9999999999999                                 92.77812883057908                                 0.006513671525992034
780                                               92.9733756096302                                  0.006316321259597979
783                                               93.14930318158096                                 0.006125730167486729
786                                               93.30100748969578                                 0.005941400893867402
789                                               93.41694842725626                                 0.005762665685776265
791.9999999999999                                 93.47072742916424                                 0.005588577144080027
794.9999999999999                                 93.40637362859835                                 0.005418110826269994
797.9999999999999                                 93.17444768927892                                 0.0052533841898246385
