300                                               10.602292263792082                                2.898450546007377
302.99999999999994                                10.822397002839116                                3.5900412145184286
306                                               10.992833050979499                                4.4647426605432505
309                                               11.114938627089543                                5.517371386086008
312                                               11.183753964885094                                6.732322913635193
314.99999999999994                                11.188255239517604                                8.08403063878029
318                                               11.114993819622404                                9.539711961041936
321                                               10.95393807127382                                 11.064176288757782
324                                               10.704245750665912                                12.625280057495335
326.99999999999994                                10.377754494422657                                14.197967491182101
330                                               9.999085228644887                                 15.765510268513506
333                                               9.60258427385202                                  17.318009536467002
336                                               9.227187701453204                                 18.849274859634093
338.99999999999994                                8.910555132100278                                 20.35333716443309
342                                               8.683592175282827                                 21.821517957852606
345                                               8.566013034696276                                 23.240646551616198
348                                               8.56324203479831                                  24.592760777115746
350.99999999999994                                8.665048622884635                                 25.856114870416896
354                                               8.84652398551123                                  27.00759696457305
357                                               9.069421045877748                                 28.02717182026584
360                                               9.287793630861184                                 28.897216905594323
362.99999999999994                                9.460152484194277                                 29.60443977017229
366                                               9.54713085930196                                  30.156053128983537
369                                               9.507763885464215                                 30.570675700429028
372                                               9.322549342045162                                 30.851623518930406
374.99999999999994                                9.0139570639889                                   31.00046338050729
378                                               8.614594066046049                                 31.067977284226053
381                                               8.129864130643497                                 31.122813324987224
384                                               7.572374535324708                                 31.19613741451321
386.99999999999994                                6.979504895817187                                 31.28243940955979
390                                               6.44407432131382                                  31.337653589904427
393                                               6.0840198111662716                                31.40101829729432
395.99999999999994                                5.913332505938126                                 31.578419947470962
398.99999999999994                                5.940645261831287                                 31.869170032897898
402                                               6.212727060645191                                 32.219886944266726
405                                               6.772605108507341                                 32.551426332285246
407.99999999999994                                7.656683700005507                                 32.69314242384266
410.99999999999994                                8.978289800737057                                 32.36774000275991
414                                               10.760577291894455                                31.5414922664949
417                                               12.775279405567952                                30.2163438749247
419.99999999999994                                14.797308460836378                                28.29113161854572
422.99999999999994                                16.60957878156748                                 25.795213352052425
426                                               18.0212948713112                                  22.905212937362975
429                                               18.90785530355652                                 19.87934451583144
431.99999999999994                                19.14712409477178                                 16.947769329472486
434.99999999999994                                18.555534939451945                                14.172404801702585
438                                               17.646896200998462                                11.606286377305313
441                                               16.944037507947716                                9.497670047473267
443.99999999999994                                16.218492919572864                                7.810796422925144
446.99999999999994                                15.423531288960682                                6.453617621117147
450                                               14.589628489240622                                5.361677584568249
453                                               13.674494221248759                                4.481705581081717
455.99999999999994                                12.325268011209433                                3.7419189270511977
458.99999999999994                                10.437129234251618                                3.070491693766916
462                                               9.065288600078778                                 2.525119524569316
465                                               8.167786646255804                                 2.1058328013183742
467.99999999999994                                7.421837634350129                                 1.7704741223429987
470.99999999999994                                6.736921740329629                                 1.495104490275876
474                                               6.0920558799751445                                1.2658991489130027
477                                               5.497503971067255                                 1.0741175063326267
480                                               4.964106190079068                                 0.913231604208022
483                                               4.490295585365352                                 0.7777049256012297
485.99999999999994                                4.073614727475254                                 0.6631629266812495
488.99999999999994                                3.716623367050083                                 0.5662331733315638
491.99999999999994                                3.415985519852639                                 0.4840189350397922
494.99999999999994                                3.1669114365688125                                0.414370512633246
498                                               2.996276547763508                                 0.3560294802497713
501                                               2.998091272409972                                 0.3078812474833605
504                                               3.195176056602439                                 0.2646126833042853
507                                               3.1625957172733363                                0.22339123147334375
509.99999999999994                                3.052897172235218                                 0.18931306565406056
512.9999999999999                                 3.0119332958646576                                0.16122709235852983
516                                               3.0324199549320627                                0.1375277386995852
519                                               3.0948427628840043                                0.11742234850832695
522                                               3.1886979405188463                                0.10035925386407837
525                                               3.306010776886694                                 0.08591128949238754
528                                               3.4351174888527956                                0.07373937317337838
531                                               3.5550368870015405                                0.06360185077261918
533.9999999999999                                 3.6664734479407692                                0.055234162312964956
536.9999999999999                                 3.7405847339048846                                0.04842570511768006
540                                               3.6072541529766347                                0.043421537388998545
543                                               3.1327348575266374                                0.04026609507348532
546                                               3.0703492258792786                                0.03676592453972934
549                                               4.2539690100855845                                0.03125876686959177
552                                               5.3688368393117445                                0.02698657988995002
555                                               6.132266428501873                                 0.02423133167972695
557.9999999999999                                 6.969543378822363                                 0.022157984043731885
560.9999999999999                                 7.861103770758287                                 0.020776192736287606
564                                               8.715819644043995                                 0.020021733549638893
567                                               9.539434897029578                                 0.01972391435481102
570                                               10.45922543467617                                 0.019746713264763113
573                                               11.412477385962998                                0.020130518075165322
576                                               12.27693051729381                                 0.02076228146460617
578.9999999999999                                 13.251370549426417                                0.021526791912748942
581.9999999999999                                 14.225833737924933                                0.022629323707037543
584.9999999999999                                 14.652522499737131                                0.023935617714378285
588                                               13.483225916597362                                0.024954664486891282
591                                               9.359707849447743                                 0.023508419792304593
594                                               9.348266417669402                                 0.020059684944760823
597                                               14.557914520320333                                0.02034510392852198
600                                               18.398055724601534                                0.02167147354818155
602.9999999999999                                 21.842566593544916                                0.022976095327179136
605.9999999999999                                 24.98676389417807                                 0.024288944798538013
608.9999999999999                                 27.74443303394461                                 0.025408743129899783
612                                               30.285571380215785                                0.026327573148879645
615                                               32.66216563042607                                 0.02705464872981907
618                                               34.89593219133274                                 0.027590876954336853
621                                               37.001052208128996                                0.02794616022399557
624                                               39.32079874955875                                 0.028224819945349564
626.9999999999999                                 41.68133647927952                                 0.028436281286900966
629.9999999999999                                 43.634106873047664                                0.028447700235457132
632.9999999999999                                 44.84022958365019                                 0.028177613818590415
636                                               44.23909950181295                                 0.02737448601507764
639                                               39.00598595556926                                 0.025321219534709213
642                                               31.77656327566341                                 0.022591697812468475
645                                               37.40637191197933                                 0.022996947738162726
648                                               46.17925164538787                                 0.024225114668491064
650.9999999999999                                 52.18420750039239                                 0.02474871355365717
653.9999999999999                                 56.26255969657967                                 0.024765920035902448
656.9999999999999                                 59.30775875142987                                 0.02450553826851147
660                                               61.7386018107819                                  0.02408256060906059
663                                               63.759674008786526                                0.02355900744940524
666                                               65.6804260112792                                  0.023004943464844187
669                                               67.62610627923327                                 0.022437002943709018
672                                               69.32830758975808                                 0.02182072647273696
674.9999999999999                                 70.81854236042281                                 0.021169712299084025
677.9999999999999                                 72.05301251978722                                 0.02048315323715961
680.9999999999999                                 72.93083434356966                                 0.019753175084035072
684                                               73.2540177151687                                  0.01896118155484572
687                                               72.54318921567788                                 0.018055815494203663
690                                               69.1945578004211                                  0.01689930990138719
693                                               62.91704952407593                                 0.015701250949233973
696                                               64.69779419420212                                 0.015655475238053135
698.9999999999999                                 71.71045186799242                                 0.01585809576362592
701.9999999999999                                 76.10897222590685                                 0.015638413733096195
704.9999999999999                                 78.78732564618993                                 0.015241667091781673
708                                               80.68347743584641                                 0.014782705255899286
711                                               82.07432227239252                                 0.014297295349644367
714                                               83.1568343317756                                  0.013807445868697612
717                                               84.02832699003218                                 0.013322634833216647
720                                               84.7613372592037                                  0.012850168188162767
722.9999999999999                                 85.46560829925068                                 0.012395504367356348
725.9999999999999                                 86.08705420188373                                 0.01195080876546818
728.9999999999999                                 86.58122075184616                                 0.011513810677975758
732                                               86.92566837802326                                 0.011083076480800636
735                                               87.06657459464134                                 0.010655103352597681
738                                               86.87992262574036                                 0.010221412921672153
741                                               85.94869660005664                                 0.009761653567226193
744                                               83.51383075851648                                 0.009268576820237467
746.9999999999999                                 80.60334080254589                                 0.008898512270454535
749.9999999999999                                 82.50597042295563                                 0.008839222535569744
752.9999999999999                                 86.06399810659698                                 0.008732509676179064
756                                               88.23993303042673                                 0.008510746896267843
759                                               89.48957622693038                                 0.008250347092107172
762                                               90.3076685122982                                  0.007984614648136188
765                                               90.90032082738337                                 0.007722892269213806
768                                               91.35511367628176                                 0.007468571238668359
770.9999999999999                                 91.72847773431077                                 0.007223068840492059
773.9999999999999                                 92.04126996595491                                 0.006986136890528984
776.9999999999999                                 92.30401260644335                                 0.00675748052244073
780                                               92.5196476040332                                  0.006536453810015141
783                                               92.6816996594082                                  0.006322148899867191
786                                               92.77278564528154                                 0.006113332347346943
789                                               92.75305655501433                                 0.0059081290518121325
791.9999999999999                                 92.53237037491066                                 0.005703623249492551
794.9999999999999                                 91.91440885255932                                 0.005496348552239185
797.9999999999999                                 90.62214959298757                                 0.005291538738564252
