
300                                               7.885645668184078                                 0.6135917107905848
305                                               8.215583633546965                                 1.0291885596245902
309.99999999999994                                8.409977072956552                                 1.6054174077461647
314.99999999999994                                8.452460734942791                                 2.295840915166856
319.99999999999994                                8.265098901069841                                 3.1166633040743705
325                                               7.779640500401435                                 3.8389748212088355
330                                               8.959460068770522                                 1.2481748516845017
335                                               7.2623398305251055                                5.363087942222959
340                                               6.869066060449266                                 5.731585899315206
345                                               6.548214337234559                                 5.559275136433733
350                                               7.084044831537304                                 4.689539354870084
355                                               7.190616440793596                                 4.922725263096163
360                                               7.678782695775135                                 4.046841490147317
364.99999999999994                                8.040971603781804                                 2.5440444641968774
369.99999999999994                                7.345820492948546                                 1.2934988922017217
374.99999999999994                                5.997389699148285                                 0.5981992876530062
379.99999999999994                                4.551193622834763                                 0.1453099248345343
385                                               3.491787972666659                                 0.09743035305682424
390                                               2.6941375665628238                                0.04556661627551598
395                                               2.202481671834575                                 0.020918378691764425
400                                               1.9388255057525738                                0.010066289142075358
405                                               1.8871790714897159                                0.004537394637945651
410                                               1.9868378974445253                                0.0023722191967084348
415                                               2.2413728477168564                                8.821719811561008E-4
419.99999999999994                                2.6462247001031165                                5.459216175052074E-4
424.99999999999994                                3.172941650109762                                 2.617557478876718E-4
429.99999999999994                                3.857466564625926                                 1.3715037245628603E-4
434.99999999999994                                4.749359812670729                                 7.521266800903765E-5
439.99999999999994                                5.97520961918542                                  4.0591442817666295E-5
445                                               7.450198909840039                                 1.4628915849650817E-5
450                                               9.109560619001902                                 2.9990578100474235E-5
455                                               10.95768370268734                                 4.985366113246249E-6
460                                               12.993399792262109                                2.003782322855909E-6
465                                               15.213014188644747                                7.99110365110525E-7
470                                               17.455466069324988                                3.12460762224845E-7
474.99999999999994                                19.60779376854349                                 9.673300307503953E-7
480                                               21.247304158742402                                2.1639261046608955E-5
484.99999999999994                                22.6041315221784                                  2.2273335610502142E-4
490                                               23.70599598107477                                 0.001141964508285441
494.99999999999994                                24.5787056141196                                  0.005168591618702535
500                                               25.239847007330855                                0.004658169967521963
505                                               25.71294371735683                                 0.014596349198478093
509.99999999999994                                26.173750697240305                                0.024256037913917273
515                                               26.45772606442468                                 0.03763499614234463
519.9999999999999                                 26.106841396297654                                0.05067695656797312
525                                               27.139431615202742                                0.054911261317233416
530                                               27.29250189914601                                 0.05648585527095387
535                                               27.426132170610035                                0.06919354588637766
540                                               28.06157034081236                                 0.03860458002500787
545                                               29.1397830837669                                  0.04388929730888984
550                                               28.149207474870018                                0.022036475581581696
555                                               30.167737532214574                                0.007459650113476704
560                                               31.392617025757136                                0.005776425049674193
564.9999999999999                                 30.308042231480325                                0.00861908038202143
570                                               28.02835615280936                                 0.010544318038677898
574.9999999999999                                 24.995689074955493                                0.030452979749503423
580                                               20.833651127184165                                0.16708402798903546
584.9999999999999                                 17.245691981095845                                0.34670452977905347
590                                               19.71391612614437                                 0.47245125268565996
595                                               19.299283674640037                                0.8135076834086673
600                                               15.838864586417275                                1.875004132252989
605                                               12.18368713178917                                 4.5409848078009265
610                                               5.850150700342907                                 3.844061209547386
615                                               1.3883297646668669                                13.856274269707985
619.9999999999999                                 2.1687794996996033                                16.143098616125897
625                                               8.650726350304533                                 19.645449410519383
629.9999999999999                                 17.102597922781204                                21.947261899019587
635                                               25.620206799174362                                24.531179411716423
639.9999999999999                                 34.89464117479736                                 19.682924162944193
645                                               55.995861833513274                                2.6769591358427083
650                                               43.496663624459096                                28.422078932603473
655                                               66.54701555062866                                 8.65337114266256
660                                               68.74181856629791                                 0.29943566025537
665                                               55.42881538268794                                 2.3928173554941283
670                                               35.27298230985855                                 10.625390910088456
674.9999999999999                                 20.289256007887733                                20.319817044223388
680                                               17.553027660710434                                26.918005787410532
684.9999999999999                                 23.591362147013612                                29.711482349822568
690                                               32.51954613219357                                 30.04160250710659
694.9999999999999                                 40.68108374612528                                 29.52185821959157
700                                               44.89366764303113                                 28.861679076231958
704.9999999999999                                 51.22694977138177                                 28.353084367075628
710                                               53.09583796236381                                 30.03150414065131
715                                               38.721863523186585                                44.89303299062501
720                                               47.13629455957694                                 38.44207632810907
725                                               47.910686898074836                                23.43093887978454
729.9999999999999                                 74.79325367946578                                 13.737493725954183
735                                               78.20129209821455                                 10.345003669136881
739.9999999999999                                 70.9876192311144                                  1.7252143820162298
745                                               74.6677101417604                                  10.340922192868383
749.9999999999999                                 73.89506812883963                                 16.531661516983345
755                                               71.76335475882021                                 18.84810678830419
759.9999999999999                                 66.36391434346535                                 23.739553468614446
765                                               62.96882978814502                                 26.838445237972497
770                                               59.021379215545025                                30.193239734434915
775                                               54.64718528866077                                 33.86627701042917
780                                               49.76159013325691                                 37.93146120131016
784.9999999999999                                 44.52631222001787                                 41.800203758323235
790                                               40.831263932113096                                43.89858675365814
794.9999999999999                                 32.60354061351543                                 52.02208614750937
800                                               25.727456153001434                                57.488714308687825
