300                                               2.391253119306449                                 1.7237196681719342
305                                               1.8448151865632116                                2.9215536992270006
309.99999999999994                                1.2964912965006736                                4.52849929787832
314.99999999999994                                0.838958879098422                                 6.4179788682668315
319.99999999999994                                0.5896513761970555                                8.405885425687424
325                                               0.5886465169437405                                10.294765411907898
330                                               0.7775299403759811                                11.90312661797182
335                                               1.0982005838360736                                13.075870599561066
340                                               1.5682771229150863                                13.679526555779413
345                                               2.2057109151950867                                13.593917410583114
350                                               3.00736466205467                                  12.688259305587279
355                                               4.570552881708425                                 10.79819694285703
360                                               9.164997428750404                                 7.950835648334779
364.99999999999994                                19.197241935899324                                4.800004747282932
369.99999999999994                                32.872182290132294                                2.3885268898377774
374.99999999999994                                45.90645554550271                                 1.0497676191314422
379.99999999999994                                56.25617896076706                                 0.4371814531759421
385                                               64.1610768001973                                  0.17918254129359062
390                                               70.20893831390744                                 0.07283557643299217
395                                               74.6231130083778                                  0.02913322318829353
400                                               77.81504731877719                                 0.011267533429016999
405                                               79.93094057184375                                 0.004078055379551192
410                                               80.8945145927612                                  0.0013031133996157767
415                                               80.31663305669655                                 3.357937978487919E-4
419.99999999999994                                76.56311419884616                                 7.967090837934443E-5
424.99999999999994                                64.73903758067279                                 1.414948531973208E-4
429.99999999999994                                54.91779103580987                                 5.43433596728309E-4
434.99999999999994                                45.38722336292539                                 0.0019146420028940336
439.99999999999994                                54.25505030077278                                 0.005112318346457491
445                                               74.69624960190416                                 0.0014294059237954717
450                                               82.69920218645653                                 3.795988081556821E-4
455                                               85.23830595553396                                 1.1902726847606728E-4
460                                               85.83775913811844                                 4.173234116055887E-5
465                                               85.90450693157267                                 1.4141583892783254E-5
470                                               85.68382669830763                                 1.865527174298427E-7
474.99999999999994                                85.20017318544006                                 4.99194633658663E-5
480                                               82.83393900232586                                 2.9107224531498287E-4
484.99999999999994                                82.23929676667906                                 8.773600744919714E-4
490                                               86.06761893814483                                 0.0018868282375005116
494.99999999999994                                87.13908978593967                                 0.003571064605613141
500                                               87.70906783601944                                 0.0055603674900608115
505                                               88.03366809068042                                 0.008103234574425897
509.99999999999994                                87.68435959526123                                 0.01132969771996192
515                                               88.23513834313836                                 0.012920254065625256
519.9999999999999                                 89.93633029298225                                 0.010955987253111416
525                                               88.85712949140331                                 0.01217240028158422
530                                               91.450278638356                                   0.006529175017637533
535                                               90.71892174857943                                 0.004413923089083818
540                                               93.28544857297962                                 8.817951922217959E-4
545                                               92.66785284781025                                 9.146911168065959E-4
550                                               93.88215562742454                                 8.033895236097844E-4
555                                               93.92959095315788                                 0.0013454779773567798
560                                               93.46853437131864                                 0.015241713769962608
564.9999999999999                                 92.7119746649336                                  0.036324727164423296
570                                               90.0027786650362                                  0.1328639726113823
574.9999999999999                                 79.56530587920693                                 0.876624101576634
580                                               78.2521211973841                                  2.0048207520608448
584.9999999999999                                 86.66368454359457                                 1.4747769822172099
590                                               86.0111184140748                                  1.7408531240458838
595                                               80.17824617687796                                 3.0583848331088612
600                                               63.82296746731889                                 7.345636294129927
605                                               29.6882939141537                                  18.672936144366798
610                                               35.35004500783928                                 21.198074498999368
615                                               62.618583297828486                                14.054108764016721
619.9999999999999                                 74.06677674055948                                 10.55543025885129
625                                               77.74600083183026                                 9.512517396424917
629.9999999999999                                 77.79955204784395                                 9.867473733251673
635                                               75.35733076235869                                 11.395064009679459
639.9999999999999                                 70.33333259919684                                 14.326976077546677
645                                               61.92446311546592                                 19.269510344345168
650                                               48.910222457638184                                27.134850979571485
655                                               30.863157705250305                                38.5056439696738
660                                               11.671107315403777                                51.446332110777234
665                                               1.6566839840517007                                59.656685620604996
670                                               7.080976563991684                                 58.422932269481535
674.9999999999999                                 21.2372647573307                                  51.07105511571732
680                                               35.49118796355986                                 42.928509425973004
684.9999999999999                                 46.59159891008945                                 36.31694997987321
690                                               54.4921657586796                                  31.500956863105735
694.9999999999999                                 59.932231083466846                                28.14611245843021
700                                               63.6023399414662                                  25.882281872883777
704.9999999999999                                 65.99881838541485                                 24.428282432242494
710                                               67.45240975793553                                 23.591669846071415
715                                               68.17774528567193                                 23.246168548191356
720                                               68.31181861507892                                 23.3115001579496
725                                               67.93972758636406                                 23.73911737167803
729.9999999999999                                 67.1112246022319                                  24.50273585954047
735                                               65.85139001038375                                 25.592084990316252
739.9999999999999                                 64.16776362348331                                 27.008629920658464
745                                               62.055500009828634                                28.762365220274013
749.9999999999999                                 59.501636727697324                                30.869007921803757
755                                               56.48930187739365                                 33.34703900783472
759.9999999999999                                 53.00254842193708                                 36.21409897497996
765                                               49.032402768989336                                39.482286786877225
770                                               44.58456029260335                                 43.15200923138345
775                                               39.688836102850885                                47.20426913380973
780                                               34.40985902022639                                 51.591770557734115
784.9999999999999                                 28.85749780382783                                 56.23003146811317
790                                               23.194217233871598                                60.99077113415661
794.9999999999999                                 17.63540476029195                                 65.70084396571866
800                                               12.438541586975106                                70.15022434738377
