300                                               10.834686010879315                                1.4369423239676116
305                                               11.522682441337828                                1.9846488774567075
309.99999999999994                                14.420841903723378                                2.7139144729086024
314.99999999999994                                18.915918345517447                                3.5254435629762195
319.99999999999994                                24.105343013901443                                4.305600327428955
325                                               29.451003117818093                                4.978458172466132
330                                               34.826460566001735                                5.512799666352912
335                                               40.10449675865049                                 5.912165794421872
340                                               44.85190734566726                                 6.214796704919541
345                                               48.37670177636701                                 6.486138242371405
350                                               50.01277281476322                                 6.768917264847381
355                                               49.48173576150008                                 7.033779124982807
360                                               47.23330830720535                                 7.224330675779938
364.99999999999994                                44.36337527253407                                 7.251735328047902
369.99999999999994                                42.33016173965159                                 7.0493277780390295
374.99999999999994                                42.24570269623392                                 6.6030557455439105
379.99999999999994                                44.67388975547431                                 5.920694838487954
385                                               49.25285732861745                                 5.108224863069911
390                                               54.927737106418725                                4.30887743698958
395                                               60.68143792474603                                 3.6180631570421404
400                                               65.92364748236706                                 3.06641506756938
405                                               70.45167542766008                                 2.644503471049107
410                                               74.27751425370982                                 2.3282750620604884
415                                               77.4923506458204                                  2.092947419606117
419.99999999999994                                80.19443670828524                                 1.9182924516205533
424.99999999999994                                82.46022833912235                                 1.7897877014694772
429.99999999999994                                84.33866297405804                                 1.6981744437906756
434.99999999999994                                85.85543409589121                                 1.638512656622829
439.99999999999994                                87.01887066715732                                 1.6092134713603068
445                                               87.82240873279335                                 1.6113188071335252
450                                               88.24146858444686                                 1.6481652233118853
455                                               88.22441785071867                                 1.7254244570204476
460                                               87.67772592152865                                 1.8513029437016129
465                                               86.44679347639857                                 2.036280822089413
470                                               84.30098409500184                                 2.290646052347049
474.99999999999994                                80.95857989378472                                 2.615490761370879
480                                               76.25544106840883                                 2.9793089892749136
484.99999999999994                                70.61975462860583                                 3.279366955339742
490                                               65.65962445901867                                 3.337752308628858
494.99999999999994                                63.59345904184699                                 3.033430677515184
500                                               65.09739862829595                                 2.4673370271628006
505                                               68.73029638578555                                 1.8648067852902956
509.99999999999994                                72.75499738276419                                 1.368253927425898
515                                               76.26534679060184                                 1.0054914313970171
519.9999999999999                                 79.02730673646889                                 0.7533945025671963
525                                               81.08952407193742                                 0.581363024580218
530                                               82.56921860215924                                 0.4652682752447402
535                                               83.57480652396548                                 0.38891458851942123
540                                               84.18712030616139                                 0.3424628476545058
545                                               84.45972301536672                                 0.3208463903759655
550                                               84.42301671477507                                 0.3227867926659749
555                                               84.08616705270887                                 0.35028962666262414
560                                               83.4352706637819                                  0.4082645456030812
564.9999999999999                                 82.4349564375186                                  0.5039008161956372
570                                               81.05734958094858                                 0.6454049091580119
574.9999999999999                                 79.37284881105371                                 0.8384581846578272
580                                               77.71192428132495                                 1.075993878762451
584.9999999999999                                 76.78852542408248                                 1.3199710643793086
590                                               77.44737203704969                                 1.4963352864684691
595                                               79.90438742139892                                 1.5398256211870103
600                                               83.39491815889973                                 1.453781256459107
605                                               86.89025688722916                                 1.2968032618360017
610                                               89.80175172566788                                 1.1267129815001267
615                                               92.01053777884678                                 0.9741209389215659
619.9999999999999                                 93.61926019839915                                 0.8484899236872222
625                                               94.77838548654752                                 0.7490289468061994
629.9999999999999                                 95.6178025223555                                  0.671628599476943
635                                               96.2333576641607                                  0.6118860144198082
639.9999999999999                                 96.691723448468                                   0.5660841386213485
645                                               97.03839498476593                                 0.5313506102015654
650                                               97.30438062511185                                 0.5055556713639373
655                                               97.51096094552587                                 0.4871606384845933
660                                               97.67288173813778                                 0.47508412467913375
665                                               97.80045269136654                                 0.4686009112972659
670                                               97.90092003324284                                 0.4672720393236362
674.9999999999999                                 97.97936431736754                                 0.4709012197147646
680                                               98.03928573939152                                 0.4795133936957479
684.9999999999999                                 98.08297903791653                                 0.493353252663671
690                                               98.11176012097846                                 0.5129039440795387
694.9999999999999                                 98.12607945561278                                 0.5389290808421182
700                                               98.12553709134187                                 0.5725450198763814
704.9999999999999                                 98.1087962208574                                  0.6153361225626822
710                                               98.0733716561938                                  0.6695350692140656
715                                               98.01524003743515                                 0.7383065106843323
720                                               97.92816875311797                                 0.8262018218688234
725                                               97.80256800857752                                 0.9399088282595703
729.9999999999999                                 97.62348654822837                                 1.089532333834361
735                                               97.36698323070088                                 1.290876743672003
739.9999999999999                                 96.99323345854529                                 1.569727982559561
745                                               96.43262077623508                                 1.9703915085377945
749.9999999999999                                 95.5555305536037                                  2.5740177368392603
755                                               94.1005517679225                                  3.541619262907113
759.9999999999999                                 91.48391220347438                                 5.22665571120655
765                                               86.22375658381549                                 8.509346740669724
770                                               73.99325756426218                                 15.898041959483296
775                                               42.62417605619462                                 34.12808409614702
780                                               4.501267946328339                                 54.388265542339596
784.9999999999999                                 41.241375587147196                                31.57762576329631
790                                               71.6777660251621                                  14.186103281491306
794.9999999999999                                 84.09648656803674                                 7.350989999206754
800                                               89.69977619178077                                 4.360847263694494
