300                                               13.280434298456816                                5.516448463373179
305                                               8.173099846011485                                 5.493577234872591
309.99999999999994                                7.7899317395535075                                5.725633092393056
314.99999999999994                                11.51834876341863                                 6.531659734889744
319.99999999999994                                17.704565819851403                                7.7845148760664005
325                                               24.268856754109038                                9.253790434345213
330                                               29.381984591783013                                10.751289410856122
335                                               31.826939937007577                                12.221488439547375
340                                               30.684395141248462                                13.671841812746804
345                                               26.064442149389915                                14.903604979773675
350                                               21.15589420039327                                 15.323010314193318
355                                               20.960562152861765                                14.642344406597264
360                                               26.903783091076615                                13.333615344553822
364.99999999999994                                36.94184343314673                                 11.80031358058454
369.99999999999994                                47.523687061454005                                10.377622295708175
374.99999999999994                                55.21740363518916                                 9.663276278594804
379.99999999999994                                59.069929537001286                                9.797057918668733
385                                               58.71952673334439                                 10.619979320893883
390                                               53.54138786836806                                 11.944104541694829
395                                               44.06740340721477                                 13.325928949347839
400                                               34.20135396826966                                 13.933587140453234
405                                               29.954838838390135                                13.175332193011116
410                                               33.33138609472                                    11.453490972003932
415                                               41.2653691722368                                  9.607897491199294
419.99999999999994                                50.23505878294717                                 8.111646218444026
424.99999999999994                                58.3981059624064                                  7.056693739029196
429.99999999999994                                65.11153115013036                                 6.394367828786266
434.99999999999994                                70.21110833191689                                 6.0674655842704865
439.99999999999994                                73.62947310260438                                 6.051648903547972
445                                               75.20575416534388                                 6.366303086629178
450                                               74.53515567841238                                 7.080051330985372
455                                               70.8113961478145                                  8.305581214696653
460                                               62.85508845473943                                 10.123279539192511
465                                               50.315164998796746                                12.254124397127027
470                                               37.499259291727405                                13.477790213426992
474.99999999999994                                33.76937348577184                                 12.34811985776479
480                                               41.05843747844058                                 9.560986224244449
484.99999999999994                                52.03501700733432                                 6.88677982917554
490                                               61.625950998648435                                4.9915395600600885
494.99999999999994                                68.81082311963624                                 3.773166006374412
500                                               73.99004423431529                                 3.0079630162478073
505                                               77.71177618471192                                 2.5324978027466667
509.99999999999994                                80.3805633267462                                  2.248046268090159
515                                               82.24060150750347                                 2.098588624469689
519.9999999999999                                 83.39778156029901                                 2.0533842323187326
525                                               83.82830878959021                                 2.0946538723091974
530                                               83.37911554639416                                 2.205555151969836
535                                               81.8157831943931                                  2.3539850666073443
540                                               79.03828098679102                                 2.4779752878538694
545                                               75.46046256668204                                 2.5053092983915946
550                                               72.00800048630302                                 2.4269056447168893
555                                               69.3638742641955                                  2.3315113568016734
560                                               67.50845325808359                                 2.3356881922728077
564.9999999999999                                 66.10955034658026                                 2.521561883368845
570                                               64.9154913278911                                  2.936533366076571
574.9999999999999                                 63.71326871856239                                 3.605400608276784
580                                               62.075968932395895                                4.543751718327417
584.9999999999999                                 59.27501816836227                                 5.793822695325038
590                                               54.51048236041971                                 7.458949927803613
595                                               47.38197332806987                                 9.660844203744036
600                                               38.87029303919005                                 12.309810183671962
605                                               32.896444963529106                                14.640887070672282
610                                               35.12544919075046                                 15.24120625081506
615                                               45.934094780693044                                13.637320176628183
619.9999999999999                                 59.22130537816287                                 11.027266948441182
625                                               70.24969459051026                                 8.61601246056618
629.9999999999999                                 78.07641391691818                                 6.79273696462396
635                                               83.36107298102048                                 5.508754731981526
639.9999999999999                                 86.91361128153456                                 4.623625050136741
645                                               89.32944737180965                                 4.018232607616164
650                                               90.99427787858262                                 3.610394428477792
655                                               92.14927303846326                                 3.347386110194466
660                                               92.94391288572888                                 3.1970345439863235
665                                               93.46974245291266                                 3.141511299450192
670                                               93.7801726948553                                  3.1738263302508756
674.9999999999999                                 93.90115208697                                    3.296511980300803
680                                               93.83551206370558                                 3.5223145497762345
684.9999999999999                                 93.56188550474104                                 3.877297822917802
690                                               93.02709975290114                                 4.407718271715677
694.9999999999999                                 92.12787082013273                                 5.193915002800777
700                                               90.6712121837523                                  6.378718437441777
704.9999999999999                                 88.28739224356113                                 8.228353180211775
710                                               84.2287909882564                                  11.27066520623358
715                                               76.88645777063864                                 16.620434849880457
720                                               62.72180526651097                                 26.668958954446218
725                                               35.82022539286856                                 45.17371627826509
729.9999999999999                                 4.2920140936244                                   65.59413546726543
735                                               14.510695276978447                                56.532234728746026
739.9999999999999                                 47.40891847086243                                 33.30403842869431
745                                               68.41097330519784                                 19.04691660936423
749.9999999999999                                 79.43901809711687                                 11.75758685041106
755                                               85.48430992832333                                 7.8544615575524555
759.9999999999999                                 89.06044614315036                                 5.597078426602999
765                                               91.3278203440661                                  4.197779271439582
770                                               92.85003082161556                                 3.279771823038802
775                                               93.92051760625554                                 2.64944055008747
780                                               94.70232756442782                                 2.200499672212908
784.9999999999999                                 95.29131104593719                                 1.8711850530909777
790                                               95.74658498138847                                 1.6238315559761718
794.9999999999999                                 96.10612630943926                                 1.434515211785587
800                                               96.3951919378959                                  1.287507965951179
