300                                               24.17680969574569                                 20.096305535746886
305                                               13.044473364290102                                33.40652017883947
309.99999999999994                                0.28239452877525406                               29.552522197599256
314.99999999999994                                5.617775712906227                                 22.20459836737694
319.99999999999994                                17.722423378380757                                18.41934301539138
325                                               30.16626473750734                                 17.420659282995175
330                                               40.103295525910134                                18.872867222714504
335                                               45.12646698041681                                 23.702421583030237
340                                               40.84353906644523                                 34.68672120667057
345                                               20.164713769259613                                54.40135638380771
350                                               0.055014085584272                                 64.14299906177904
355                                               18.83573525000405                                 44.291366517611536
360                                               43.89496207776508                                 26.34640549445069
364.99999999999994                                59.21749524615399                                 17.626934114425787
369.99999999999994                                68.08845397913869                                 13.850476876286624
374.99999999999994                                73.15794404236217                                 12.631024287382935
379.99999999999994                                75.27749607916456                                 13.311750029713613
385                                               74.15504884479638                                 16.364035421852215
390                                               67.40116029585458                                 23.931673202697045
395                                               47.44269524392204                                 42.01696847389742
400                                               8.001669263844652                                 73.18539203518337
405                                               13.878331959662098                                63.251540171946765
410                                               51.407729428929194                                31.870579634112737
415                                               70.69539691456114                                 17.247618283020454
419.99999999999994                                79.62880177368729                                 11.06082201457764
424.99999999999994                                84.2405835175007                                  8.19691157564985
429.99999999999994                                86.81179913104953                                 6.839072459609072
434.99999999999994                                88.2235856074411                                  6.322987674690616
439.99999999999994                                88.7972809586822                                  6.4316011460770275
445                                               88.53936312932154                                 7.200983535035325
450                                               87.1159211818374                                  8.951242365291197
455                                               83.49580256693869                                 12.592808519702412
460                                               74.63915183237879                                 20.713040187278153
465                                               51.2813702648763                                  40.887139745791686
470                                               5.81574310936168                                  77.57785657784154
474.99999999999994                                22.53688357551872                                 60.23549292332226
480                                               61.592373964278394                                27.527002216716657
484.99999999999994                                78.36095831480293                                 14.180632821861316
490                                               85.64044564321462                                 8.646064903123465
494.99999999999994                                89.30976345928687                                 5.99388851149754
500                                               91.3912495821227                                  4.578033210824201
505                                               92.66818574739936                                 3.7755464529729448
509.99999999999994                                93.48360048874638                                 3.3198796155521744
515                                               94.00024827816905                                 3.0883123426032273
519.9999999999999                                 94.2953370202837                                  3.025874842225658
525                                               94.39680972943204                                 3.116923093069332
530                                               94.29403470986621                                 3.3775286171860355
535                                               93.93110558303307                                 3.862270898735396
540                                               93.17677706175586                                 4.690808117673224
545                                               91.74260652930414                                 6.11840966206759
550                                               88.95435187682419                                 8.72995949716425
555                                               83.03514943904744                                 14.03873011160723
560                                               68.6136935860381                                  26.51822047589298
564.9999999999999                                 31.401180355170588                                57.519864018350574
570                                               2.1782175355861897                                79.20768918046231
574.9999999999999                                 46.91441466487309                                 40.585571661032
580                                               73.6785474696952                                  18.708224898633826
584.9999999999999                                 84.42414689801726                                 10.20825739508518
590                                               89.37837165904725                                 6.407899518200785
595                                               92.01682203781243                                 4.447907914112832
600                                               93.58243049962094                                 3.3250456044991985
605                                               94.58798421323941                                 2.631872944280068
610                                               95.27258779427122                                 2.1811520502738637
615                                               95.75894425556889                                 1.8781763834751586
619.9999999999999                                 96.11483521447566                                 1.671430262891588
625                                               96.37980972528763                                 1.531391709898722
629.9999999999999                                 96.57778077925052                                 1.440630148005368
635                                               96.72335748915796                                 1.3888849679888646
639.9999999999999                                 96.82514805523427                                 1.3705379605623207
645                                               96.88745954828221                                 1.3833500779443462
650                                               96.91103457306589                                 1.427963046354122
655                                               96.89307389656638                                 1.5079800170480362
660                                               96.82654090351814                                 1.6306453055785142
665                                               96.69848567995173                                 1.8083576251221778
670                                               96.48671619159187                                 2.0615959284785226
674.9999999999999                                 96.15330366785916                                 2.424542563835627
680                                               95.63144698727143                                 2.9563268325620253
684.9999999999999                                 94.79717027652151                                 3.7649968444628596
690                                               93.40297668249181                                 5.0631115805527385
694.9999999999999                                 90.90501735219742                                 7.310846270283211
700                                               85.95270176638255                                 11.632573760878518
704.9999999999999                                 74.69344529423465                                 21.171961551381667
710                                               45.95490793776464                                 44.7359803827266
715                                               1.5201343172937685                                79.02474533649588
720                                               31.08651635035107                                 52.643016967152114
725                                               66.58930613012599                                 23.94071426497862
729.9999999999999                                 81.41240119727075                                 12.359718189670229
735                                               87.99327798452893                                 7.358126940285193
739.9999999999999                                 91.36990990545584                                 4.857982102300941
745                                               93.31526881934532                                 3.4547050564729225
749.9999999999999                                 94.5374544308472                                  2.5963692378306926
755                                               95.35736466889173                                 2.036364831965035
759.9999999999999                                 95.93612684184748                                 1.6524753121410374
765                                               96.36150996652762                                 1.378954114344331
770                                               96.68454949316806                                 1.1780346118912093
775                                               96.93654094428537                                 1.0268361861723436
780                                               97.13753577071408                                 0.9108763511538274
784.9999999999999                                 97.30086062517567                                 0.8206490817640509
790                                               97.43564997988707                                 0.7497232208020246
794.9999999999999                                 97.54832962119866                                 0.6936377268869072
800                                               97.64351911314455                                 0.6492351234249716
