300                                               26.20690511792892                                 8.807653401622948
305                                               23.728800359851927                                18.628362760131942
309.99999999999994                                3.7854052004853367                                18.585820021977458
314.99999999999994                                2.742624923294224                                 13.5149080694862
319.99999999999994                                14.169080922525302                                10.516394942705707
325                                               28.768003005290083                                9.276925361259153
330                                               42.365786352765035                                9.430181688673485
335                                               52.62983148609778                                 11.394647510092609
340                                               56.26679473965196                                 17.21125915684567
345                                               41.55397463029054                                 33.28760989080285
350                                               2.2313182263369327                                51.75604078825978
355                                               27.64148794378966                                 27.22504663080737
360                                               56.31892848155208                                 12.061598662099302
364.99999999999994                                70.16034776788153                                 6.860178949824568
369.99999999999994                                77.62335862961531                                 4.8967840166864836
374.99999999999994                                82.09671796249152                                 4.2294443402535205
379.99999999999994                                84.77946139426373                                 4.366152529757681
385                                               85.84976313449283                                 5.461277231007139
390                                               84.08932391560212                                 8.719590213068491
395                                               71.9695532873453                                  20.118021353693756
400                                               11.417489664033917                                63.93275004923578
405                                               45.95973648409605                                 30.571322857605523
410                                               77.57704903062368                                 9.299537371002401
415                                               86.40683029183117                                 4.330496669295493
419.99999999999994                                90.07303158986717                                 2.630452667596783
424.99999999999994                                92.03801020704525                                 1.9054175168876144
429.99999999999994                                93.25306670151252                                 1.5766482367119288
434.99999999999994                                94.05498223048745                                 1.4600328753890421
439.99999999999994                                94.57151276100936                                 1.5023368217456476
445                                               94.821517343208                                   1.724218210307041
450                                               94.70049884964659                                 2.2450835815647205
455                                               93.78954578130664                                 3.451100698529432
460                                               90.30728440116243                                 6.858836706696602
465                                               72.2334527374833                                  22.04366761450104
470                                               2.5626614840750563                                71.75434394371305
474.99999999999994                                74.62318582287578                                 15.020217826510114
480                                               89.28707388896326                                 4.858925097635969
484.99999999999994                                93.27855869794432                                 2.3724058593852506
490                                               94.95560876477764                                 1.4436131219403918
494.99999999999994                                95.85246815089569                                 1.009399945443788
500                                               96.40827212832276                                 0.7793977986961844
505                                               96.78693413230638                                 0.6502588314746173
509.99999999999994                                97.06083177185766                                 0.5788529272599024
515                                               97.2653188407096                                  0.5458333629720112
519.9999999999999                                 97.41800330354334                                 0.5432532184735692
525                                               97.52596586339074                                 0.5703221500721662
530                                               97.58748237326354                                 0.6330158752477202
535                                               97.58926701118189                                 0.7472076272614969
540                                               97.49584224659516                                 0.9484802999282498
545                                               97.21663949112249                                 1.3209147808774422
550                                               96.48960188453098                                 2.095655172261083
555                                               94.33689968352125                                 4.097805759846447
560                                               84.93719905912869                                 12.013765342636553
564.9999999999999                                 11.823279225543837                                67.65183397027393
570                                               70.38466272028356                                 19.34904140434604
574.9999999999999                                 90.34938725348354                                 5.0183152358056935
580                                               94.59856500679787                                 2.197380721827105
584.9999999999999                                 96.1639224362829                                  1.2355648698346542
590                                               96.92896363606096                                 0.8026576632706421
595                                               97.3715254240598                                  0.5736127767145138
600                                               97.65782572676441                                 0.439194331260777
605                                               97.85829662408814                                 0.35464389860328904
610                                               98.00710405163855                                 0.29897723957520433
615                                               98.12253324283392                                 0.26136440531130434
619.9999999999999                                 98.21511914846252                                 0.23581893395464576
625                                               98.29127582920978                                 0.21888090821888612
629.9999999999999                                 98.3550603119055                                  0.20851925752075634
635                                               98.40908382526867                                 0.20358338186104696
639.9999999999999                                 98.4549972317618                                  0.20352752623004902
645                                               98.49374111785335                                 0.20828834811005664
650                                               98.52564381717362                                 0.21826760397228973
655                                               98.55039158121564                                 0.23441305744765992
660                                               98.56684696396516                                 0.25842773043570194
665                                               98.57262502734162                                 0.29319292494233845
670                                               98.5632040732265                                  0.34360340421341207
674.9999999999999                                 98.53002700204684                                 0.4182836214118544
680                                               98.45617319643783                                 0.5333815976679974
684.9999999999999                                 98.30546253557054                                 0.7218543001446316
690                                               97.99098437047127                                 1.0595557834823381
694.9999999999999                                 97.26472830572209                                 1.754187567444313
700                                               95.19841313739121                                 3.551294845261824
704.9999999999999                                 86.17392352972428                                 10.757962248068019
710                                               12.211843388525857                                64.31268086474869
715                                               72.19656203366159                                 17.447648921208277
720                                               91.15844702288213                                 4.491484967180949
725                                               95.15249668457272                                 1.9516569554156968
729.9999999999999                                 96.61281694000586                                 1.08230783308646
735                                               97.31798405934161                                 0.6889334171287567
739.9999999999999                                 97.71922826764204                                 0.479316223243826
745                                               97.97367411223543                                 0.3549989819323329
749.9999999999999                                 98.14795942320987                                 0.27550485035226785
755                                               98.27443069603945                                 0.2217670174381174
759.9999999999999                                 98.37041467960455                                 0.18386712447308595
765                                               98.4459176377711                                  0.15624050368923556
770                                               98.50707188669561                                 0.13557370808883915
775                                               98.55782103611318                                 0.1197969116584781
780                                               98.6008043437275                                  0.1075654491700335
784.9999999999999                                 98.63784844936697                                 0.09797706564055567
790                                               98.67025433062825                                 0.09041006546388299
794.9999999999999                                 98.69897174926473                                 0.0844268147606635
800                                               98.72470907677912                                 0.07971419566736708
