300                                               18.52302677767023                                 3.921295215252417
305                                               10.789838498247416                                5.2251941098134465
309.99999999999994                                5.689966668232382                                 5.08717900975568
314.99999999999994                                10.268518868674796                                4.608065379151317
319.99999999999994                                21.331821918036834                                4.424169667646648
325                                               34.287856318394965                                4.7960329603892635
330                                               44.906259139849695                                6.236107647128402
335                                               45.520170593189505                                10.161512671098272
340                                               21.97146244941014                                 15.545015242143409
345                                               25.015767418378545                                9.250317693453047
350                                               48.82645362628058                                 3.848579788603469
355                                               63.64358754747157                                 1.967616918043324
360                                               72.35852109413457                                 1.2850953823931277
364.99999999999994                                77.62266305975453                                 1.0523785585996626
369.99999999999994                                80.49136229449496                                 1.0783740157266335
374.99999999999994                                79.51300544042013                                 1.638403897509418
379.99999999999994                                61.50013274252181                                 2.3838629774866633
385                                               74.02535534356237                                 0.44231556785919274
390                                               80.17052745910242                                 0.15311161893823025
395                                               80.21606414564553                                 0.2264074027845814
400                                               85.29994856308541                                 0.1238932400837268
405                                               89.50668559766619                                 0.03365005044503397
410                                               91.28835240685348                                 0.009219014453282909
415                                               92.17670695059388                                 0.0023382290793772034
419.99999999999994                                92.38764951388345                                 0.0012302523892819997
424.99999999999994                                91.19362276986261                                 0.028966686829504127
429.99999999999994                                94.56717422738919                                 0.06107156311476014
434.99999999999994                                94.5671771484635                                  0.08160040535064592
439.99999999999994                                94.11923691601079                                 0.15195380000621964
445                                               92.89506956489618                                 0.3423468099952838
450                                               89.26505910553033                                 0.9707939662602119
455                                               74.61887258883269                                 4.025351819537568
460                                               31.094714990828592                                16.5252648109287
465                                               74.45853911230604                                 7.79889238684202
470                                               88.59499308126843                                 3.9552537931574996
474.99999999999994                                92.11325824498172                                 2.980824582239451
480                                               92.93753412963862                                 2.903731876929689
484.99999999999994                                92.29111549061538                                 3.466261928576696
490                                               89.60904780914827                                 5.0766581315575605
494.99999999999994                                81.44269018823113                                 9.602474311121675
500                                               51.69358907260161                                 25.417836276941674
505                                               8.908374796422763                                 46.684634591293666
509.99999999999994                                63.564981026463805                                17.617357873410132
515                                               84.14275616212007                                 7.1333641469282645
519.9999999999999                                 90.7524993086383                                  3.8813564844025774
525                                               93.54817794661457                                 2.565134523359533
530                                               94.9700831328233                                  1.937706761825925
535                                               95.77555458212777                                 1.6192130595705043
540                                               96.2508276180291                                  1.4701717042765177
545                                               96.51457684888194                                 1.4369650882636893
550                                               96.60900989334787                                 1.5070424682501198
555                                               96.52431058440933                                 1.69946404918677
560                                               96.18612688929502                                 2.0777686628918732
564.9999999999999                                 95.38547041563987                                 2.802469768731107
570                                               93.52377088736978                                 4.313300331976372
574.9999999999999                                 88.49806248288667                                 8.105196725994965
580                                               69.9749845200035                                  21.254461211266978
584.9999999999999                                 4.620617546504536                                 64.06791233853154
590                                               56.559858906023464                                26.373587714213862
595                                               84.1021252887554                                  8.450971004664236
600                                               91.50598304474197                                 3.8984872542633258
605                                               94.36275159676745                                 2.234000549835042
610                                               95.76005456520485                                 1.4643648809511631
615                                               96.55504245652854                                 1.0522744326475626
619.9999999999999                                 97.05640329621723                                 0.8092463542817288
625                                               97.39680015533138                                 0.6563108599715404
629.9999999999999                                 97.64085600124511                                 0.5559863260866902
635                                               97.8230858524346                                  0.4888121944471062
639.9999999999999                                 97.96322650328587                                 0.4440299810506414
645                                               98.07311889316533                                 0.4154755297262572
650                                               98.16004819303367                                 0.39962911787638217
655                                               98.22844548706988                                 0.39465562795671666
660                                               98.28075147007193                                 0.3999534384096817
665                                               98.31778618364338                                 0.41601390589709925
670                                               98.33874593608253                                 0.44453483946200145
674.9999999999999                                 98.34079481334518                                 0.48883654907533924
680                                               98.31803150214242                                 0.5547679178846447
684.9999999999999                                 98.25924988410613                                 0.6525678936884824
690                                               98.14302028489296                                 0.8008305323241953
694.9999999999999                                 97.92608456435741                                 1.0356390164216818
700                                               97.5127734715544                                  1.4341117289497423
704.9999999999999                                 96.66091878424683                                 2.1852526237208774
710                                               94.62085974916583                                 3.855415824596585
715                                               88.204847010958                                   8.768887547763978
720                                               55.81406898580258                                 31.922705806598504
725                                               19.96516462956651                                 52.793750868833435
729.9999999999999                                 78.8632371399864                                  12.137287722727805
735                                               90.84450820930371                                 4.447169131974821
739.9999999999999                                 94.49175324194117                                 2.2361310025306502
745                                               96.05805373192865                                 1.3369843918946045
749.9999999999999                                 96.8800826290597                                  0.8901004734844131
755                                               97.37074330355425                                 0.6377220338595838
759.9999999999999                                 97.69098896875884                                 0.482087951864564
765                                               97.91420069325602                                 0.37977780405406797
770                                               98.07781481506072                                 0.3091963418475438
775                                               98.20261688922719                                 0.2586498712801711
780                                               98.30093580875257                                 0.22137294509298716
784.9999999999999                                 98.38048276066617                                 0.19323872177229495
790                                               98.44629532913302                                 0.17161907827948306
794.9999999999999                                 98.5017863087031                                  0.15477990333062389
800                                               98.54933999116771                                 0.14154298722276246
