300                                               32.01324828914469                                 11.364166517303223
305                                               30.5061579463342                                  16.723232109306274
309.99999999999994                                24.748051376707693                                22.548524573098707
314.99999999999994                                15.554619858064822                                27.95700439366023
319.99999999999994                                6.253726868673786                                 31.638170038424775
325                                               2.659478307782978                                 32.005365655152325
330                                               8.75540098495195                                  28.782139699342363
335                                               22.027774102608426                                23.76214000264214
340                                               36.87172534791431                                 18.982862331858005
345                                               49.753344959981                                   15.337534052943777
350                                               59.7255869315069                                  12.871238139857725
355                                               67.03004103205623                                 11.371973454095446
360                                               72.16197053381556                                 10.650348638341379
364.99999999999994                                75.5142299898069                                  10.620454764439058
369.99999999999994                                77.26160594917908                                 11.330199404781132
374.99999999999994                                77.27037613035243                                 13.019498757163728
379.99999999999994                                74.88420697797383                                 16.276816255201403
385                                               68.358883420027                                   22.425296555865224
390                                               53.64009675197672                                 34.24601604644234
395                                               25.16593971562795                                 54.6919825441492
400                                               0.859894067794326                                 68.57316558425057
405                                               22.208010683751265                                49.44681523717301
410                                               52.426771897790815                                27.41183832794065
415                                               69.88551341735432                                 15.713355688169997
419.99999999999994                                79.19607947590008                                 9.9032037653343
424.99999999999994                                84.5111244978695                                  6.810469413858101
429.99999999999994                                87.79767361073529                                 5.030909075214503
434.99999999999994                                89.97106233835228                                 3.9400904787344917
439.99999999999994                                91.48532988716435                                 3.2401643098440687
445                                               92.58213559232256                                 2.778511994642888
450                                               93.39818971922968                                 2.4722048481234693
455                                               94.01451352863035                                 2.274372879040347
460                                               94.48040666047862                                 2.15830004969485
465                                               94.82560925001917                                 2.109619818537966
470                                               95.06646229071018                                 2.122579362529839
474.99999999999994                                95.20859086023555                                 2.1986805030665737
480                                               95.24702582005908                                 2.3471498257670764
484.99999999999994                                95.16358461291465                                 2.587494603753764
490                                               94.92001313062428                                 2.9554181691350725
494.99999999999994                                94.44280264870551                                 3.5154056606242254
500                                               93.58911017530573                                 4.388387194859994
505                                               92.06452682509145                                 5.817419884092895
509.99999999999994                                89.20264209194637                                 8.340943887016175
515                                               83.2943923241672                                  13.309710751696727
519.9999999999999                                 69.33846144094066                                 24.568210730400498
525                                               34.21520209402827                                 51.632136024564026
530                                               1.197829792423736                                 74.0958244217251
535                                               42.96831757315482                                 40.018025845499174
540                                               71.98012448147193                                 18.105646327529126
545                                               83.83546905425703                                 9.517781827239526
550                                               89.2753589339478                                  5.72130654094932
555                                               92.15328597799794                                 3.785918513068555
560                                               93.85308209911385                                 2.6856283566132206
564.9999999999999                                 94.9434962593822                                  2.0072909269704304
570                                               95.68856195365026                                 1.5626181127454477
574.9999999999999                                 96.22342566123943                                 1.256911452993763
580                                               96.62285207402529                                 1.0386750626551626
584.9999999999999                                 96.93087566697844                                 0.878094044384655
590                                               97.17479766487456                                 0.7569999689929302
595                                               97.37228354752791                                 0.6638422114631711
600                                               97.53518333238806                                 0.5910119736372014
605                                               97.67169406361113                                 0.5333444257218255
610                                               97.78763762812488                                 0.48724340999836574
615                                               97.88724428069682                                 0.4501506787173849
619.9999999999999                                 97.97364875701221                                 0.4202136010117563
625                                               98.04921331138748                                 0.3960712966165229
629.9999999999999                                 98.11574323542926                                 0.37671368838970815
635                                               98.1746336783051                                  0.3613867521451769
639.9999999999999                                 98.22697141638191                                 0.3495278267188764
645                                               98.27360633338472                                 0.34072100369401703
650                                               98.3152020120041                                  0.3346663060205617
655                                               98.35227151056492                                 0.3311586432211977
660                                               98.38520226829314                                 0.33007398501287627
665                                               98.4142726668761                                  0.33136116304215996
670                                               98.43966178343388                                 0.33503839507821576
674.9999999999999                                 98.46145311590867                                 0.3411941573674166
680                                               98.47963241565094                                 0.3499925015500265
684.9999999999999                                 98.49407911655729                                 0.3616834011324654
690                                               98.50455009517924                                 0.37661930237431673
694.9999999999999                                 98.51065349096181                                 0.3952798543332872
700                                               98.51180885127889                                 0.41830796613967774
704.9999999999999                                 98.50718760034128                                 0.44656215350384465
710                                               98.49562417393881                                 0.4811930511187933
715                                               98.47548204958909                                 0.5237568071000961
720                                               98.44444834728446                                 0.5763863690470608
725                                               98.39921183081641                                 0.6420563609858875
729.9999999999999                                 98.33494424503762                                 0.7250042242043754
735                                               98.24443764037801                                 0.8314218630757787
739.9999999999999                                 98.11661449003356                                 0.9706352429088044
745                                               97.93383823886171                                 1.1572071006843534
749.9999999999999                                 97.66679733100776                                 1.4148861808264939
755                                               97.26414258804347                                 1.7845031174132768
759.9999999999999                                 96.62983016797004                                 2.3410029592782973
765                                               95.56866941454373                                 3.2338011599297403
770                                               93.63892984826315                                 4.794336698920909
775                                               89.6888849362433                                  7.868209237612234
780                                               80.12371945094957                                 15.027567592843555
784.9999999999999                                 52.243226260799545                                35.00152987477769
790                                               2.0936834831347695                                68.14634794161685
794.9999999999999                                 41.25307941505555                                 38.140364150866425
800                                               73.98773268084085                                 15.52279448996065
