300                                               3.8287109263952215                                0.5527989931725266
305                                               4.135538631173106                                 1.0979736048259967
309.99999999999994                                3.482655008754808                                 2.0604220403292914
314.99999999999994                                1.837490236148866                                 3.6613450920972648
319.99999999999994                                0.8675446651708071                                6.0613928688224545
325                                               0.9686009322626103                                9.086946908401046
330                                               0.8430572818003329                                12.402041164847184
335                                               0.3064479979273212                                15.77817463420037
340                                               0.20796370966052222                               18.997784223143924
345                                               1.376242224024746                                 21.86566376667266
350                                               3.1193014445607394                                24.492701815729458
355                                               3.273547187373137                                 27.28138022074022
360                                               1.679837047195294                                 30.204005518087357
364.99999999999994                                1.2890969567843973                                32.48835635120209
369.99999999999994                                3.1310890149763155                                33.862788092850025
374.99999999999994                                4.040096581799572                                 35.2509265818665
379.99999999999994                                2.29378243976853                                  37.19239149583077
385                                               0.6898264652581393                                38.819168936644665
390                                               1.6177960202253463                                39.32798565247462
395                                               2.6004773465024993                                39.440427206480756
400                                               1.5312482764214586                                39.75293416348579
405                                               0.8547633644750006                                39.47032437776498
410                                               1.7293746417787934                                38.12518641998222
415                                               1.3010045124251353                                35.576796651557146
419.99999999999994                                5.979286666059867                                 28.79284736435138
424.99999999999994                                25.258264033489446                                18.462691081104587
429.99999999999994                                45.85889528480428                                 11.462238562256717
434.99999999999994                                57.50784528698756                                 9.056193536308852
439.99999999999994                                54.19339636209873                                 11.228299220426154
445                                               21.923588850219396                                15.244084294772154
450                                               59.18701038423819                                 3.127649412737128
455                                               76.52544145804538                                 0.6667404217270864
460                                               82.88620559402598                                 0.22028552246603614
465                                               86.25793880604556                                 0.09808948204726084
470                                               88.43667498165296                                 0.05485983229637776
474.99999999999994                                90.00184331371888                                 0.03758707799628971
480                                               91.19737476691176                                 0.031848129420553636
484.99999999999994                                92.13524170457276                                 0.03539231265788622
490                                               92.76433782689315                                 0.06254348358625074
494.99999999999994                                88.75008224063666                                 0.44866956857169127
500                                               90.7343059842963                                  0.10050992447434147
505                                               93.54236185905913                                 0.012088447943974446
509.99999999999994                                94.32431389596634                                 0.003498474682140143
515                                               94.8115305357477                                  0.0014274997139472132
519.9999999999999                                 95.18550354781844                                 7.093993817433737E-4
525                                               95.49495813451549                                 4.040081310374442E-4
530                                               95.76009846765857                                 2.557075059709755E-4
535                                               95.99175485477338                                 1.7685940894651507E-4
540                                               96.1967432640454                                  1.3246019309842434E-4
545                                               96.37981568595409                                 1.0701976575543539E-4
550                                               96.54452074566635                                 9.335191912964745E-5
555                                               96.69364307877524                                 8.845124425297353E-5
560                                               96.82946106407111                                 9.229112579728665E-5
564.9999999999999                                 96.95391041593689                                 1.089897402595571E-4
570                                               97.06860226197156                                 1.5429778116221246E-4
574.9999999999999                                 97.17347999064746                                 3.025620201105295E-4
580                                               97.22396094572491                                 0.001447632148660189
584.9999999999999                                 96.71914665452651                                 0.004446020313269929
590                                               97.34031168886953                                 2.4799112111954536E-4
595                                               97.45540606307557                                 6.803317040981724E-5
600                                               97.53793522455074                                 2.8477837199821017E-5
605                                               97.60889677651538                                 1.4652338050771305E-5
610                                               97.67288352695455                                 8.558001537531606E-6
615                                               97.73164118401027                                 5.460950698755647E-6
619.9999999999999                                 97.78608490728907                                 3.726407253512252E-6
625                                               97.83680261504236                                 2.683599657894454E-6
629.9999999999999                                 97.88422289861137                                 2.0221216930778367E-6
635                                               97.9286835864562                                  1.5849389111347374E-6
639.9999999999999                                 97.97046382599996                                 1.2869741585996938E-6
645                                               98.00980140341713                                 1.0796088690680514E-6
650                                               98.0468981195918                                  9.339183768032087E-7
655                                               98.08195134372927                                 8.322302804575011E-7
660                                               98.1151081778606                                  7.637264026721461E-7
665                                               98.14651891628274                                 7.220527459162935E-7
670                                               98.1763155187398                                  7.04150474270723E-7
674.9999999999999                                 98.20461811853316                                 7.098807598060568E-7
680                                               98.23153728638614                                 7.424365232091438E-7
684.9999999999999                                 98.25717617497234                                 8.099217623050239E-7
690                                               98.28163294377309                                 9.293377154901954E-7
694.9999999999999                                 98.30500403684796                                 1.1366909911629326E-6
700                                               98.32738891473501                                 1.5157575561024278E-6
704.9999999999999                                 98.34889411930892                                 2.297773063267645E-6
710                                               98.36959746203996                                 4.337484293031498E-6
715                                               98.38868612712868                                 1.3329901620478163E-5
720                                               98.2244934475164                                  4.7328551367593376E-4
725                                               98.3997562741409                                  2.0526579931973947E-5
729.9999999999999                                 98.43146259101043                                 3.936492544922314E-6
735                                               98.45090095506147                                 1.519059306444514E-6
739.9999999999999                                 98.4678315230421                                  7.684120157767743E-7
745                                               98.48353722306797                                 4.5019855935873085E-7
749.9999999999999                                 98.49838998173865                                 2.896564858365179E-7
755                                               98.51254885828074                                 1.9903563456522986E-7
759.9999999999999                                 98.52610148441077                                 1.4368250254033457E-7
765                                               98.5391055012157                                  1.0782649590404774E-7
770                                               98.55160363585846                                 8.351854015904103E-8
775                                               98.56363021928168                                 6.642956228874691E-8
780                                               98.57521427457687                                 5.40541483857241E-8
784.9999999999999                                 98.58638118388863                                 4.486932665253982E-8
790                                               98.59715364129174                                 3.7911043468584104E-8
794.9999999999999                                 98.60755223866786                                 3.254795034377515E-8
800                                               98.61759585583685                                 2.8354483084914304E-8
