

300                                               0.8756148501946677                                0.5865605217497589
305                                               1.2253559348549858                                1.1751623675525409
309.99999999999994                                1.5449262833120005                                2.1761935300125117
314.99999999999994                                1.5022904719892876                                3.6724670124730974
319.99999999999994                                1.0296983750869504                                5.759606572054932
325                                               0.469254965411658                                 8.490306599479773
330                                               0.16394983926417056                               11.738731653357346
335                                               0.13690896511631126                               15.215195261637808
340                                               0.2529314386380941                                18.63673883617867
345                                               0.4370814115877339                                21.81652701704641
350                                               0.6695634356583942                                24.64941277678906
355                                               0.9745057792757914                                27.099561491361428
360                                               1.447894033782518                                 29.191557358490137
364.99999999999994                                2.185673477640239                                 30.996722343623098
369.99999999999994                                3.114708328480867                                 32.63339525890056
374.99999999999994                                3.8715690986841205                                34.26308715430271
379.99999999999994                                3.9029795174158783                                36.02874802938596
385                                               2.8824609231014886                                37.907617933069965
390                                               1.256635257402983                                 39.56327659382318
395                                               0.22186587261186735                               40.45697285881452
400                                               0.48871962366377425                               40.351305543294934
405                                               1.1284788623486697                                39.54712783977291
410                                               1.035936279159778                                 38.04741101867608
415                                               2.727370558315183                                 34.449915079587974
419.99999999999994                                12.050319356382051                                27.49268684565999
424.99999999999994                                28.06696248767939                                 19.62099372183444
429.99999999999994                                42.88264667611507                                 14.157321688536825
434.99999999999994                                51.51153904270175                                 11.895470073248369
439.99999999999994                                49.29379797090399                                 13.164900885729613
445                                               24.418754975530852                                17.42572634005188
450                                               40.513273985991304                                7.132299412202223
455                                               67.82597893864836                                 1.4922508851100074
460                                               77.86131406752536                                 0.4135245833623269
465                                               82.64491127084742                                 0.14693634846110085
470                                               85.52960094758234                                 0.062093925842185926
474.99999999999994                                87.52196262664577                                 0.029824966686838265
480                                               89.0109464705907                                  0.015845522805615034
484.99999999999994                                90.17945418559566                                 0.009153061303077168
490                                               91.12676833633519                                 0.005684263513589706
494.99999999999994                                91.91267816157563                                 0.0037671933940112185
500                                               92.57605128201682                                 0.0026521193428823923
505                                               93.1436499049364                                  0.0019787219517408113
509.99999999999994                                93.63471980353243                                 0.0015642984700947728
515                                               94.06357992510841                                 0.0013133459881961196
519.9999999999999                                 94.4411802626488                                  0.0011774146224935202
525                                               94.77606302499387                                 0.0011387645957523054
530                                               95.07492008467337                                 0.0012105613055112849
535                                               95.34254468930868                                 0.0014653196576568865
540                                               95.57916953519356                                 0.002177933241126948
545                                               95.75157806572456                                 0.004880726882366416
550                                               94.5265011466504                                  0.044833441685315105
555                                               95.2150924640603                                  0.011469170772699298
560                                               96.06535778652189                                 0.0014952101723944712
564.9999999999999                                 96.32139207316386                                 4.650943174014865E-4
570                                               96.49663078233745                                 1.9816034000214023E-4
574.9999999999999                                 96.64125587242874                                 9.979089322429361E-5
580                                               96.76807343554026                                 5.5880080097058774E-5
584.9999999999999                                 96.88215232361839                                 3.3721649672567857E-5
590                                               96.98612849593755                                 2.153220254320228E-5
595                                               97.0816467087043                                  1.4378408805992928E-5
600                                               97.16986450381565                                 9.961179857285405E-6
605                                               97.25166328025782                                 7.1188368016747264E-6
610                                               97.3277490089357                                  5.225919190585957E-6
615                                               97.39870708102691                                 3.92789251677028E-6
619.9999999999999                                 97.46503398865279                                 3.015023526995573E-6
625                                               97.5271578050198                                  2.3586713965747584E-6
629.9999999999999                                 97.58545176939141                                 1.8774407800661136E-6
635                                               97.6402444052362                                  1.5184140917150473E-6
639.9999999999999                                 97.6918266893968                                  1.2463555413068155E-6
645                                               97.74045797034941                                 1.0372987267504556E-6
650                                               97.7863704584477                                  8.746286296485969E-7
655                                               97.82977270900733                                 7.46627227526411E-7
660                                               97.87085279983366                                 6.449010366314416E-7
665                                               97.9097809511865                                  5.633530553808244E-7
670                                               97.94671153056602                                 4.974983443084292E-7
674.9999999999999                                 97.98178480498254                                 4.4400070578785004E-7
680                                               98.01512859917439                                 4.0035441132828215E-7
684.9999999999999                                 98.04685974159725                                 3.6466263637456196E-7
690                                               98.07708519690526                                 3.354814848462102E-7
694.9999999999999                                 98.10590282733864                                 3.1170937936733966E-7
700                                               98.13340263735418                                 2.925081404100654E-7
704.9999999999999                                 98.15966748727978                                 2.772469274539943E-7
710                                               98.18477370282362                                 2.6546315398454573E-7
715                                               98.20879170203173                                 2.5683644996050566E-7
720                                               98.23178669230703                                 2.5117359618782867E-7
725                                               98.2538190757388                                  2.4840352993188094E-7
729.9999999999999                                 98.27494486889168                                 2.485830489353179E-7
735                                               98.29521620340495                                 2.5191554796625796E-7
739.9999999999999                                 98.31468168027997                                 2.5878773056126423E-7
745                                               98.33338669982953                                 2.698337830123055E-7
749.9999999999999                                 98.35137385457013                                 2.8604457073661076E-7
755                                               98.36868326878495                                 3.089553646422629E-7
759.9999999999999                                 98.38535289570021                                 3.4097845333978856E-7
765                                               98.40141898226933                                 3.8601991770256224E-7
770                                               98.4169164342646                                  4.5069331248474713E-7
775                                               98.4318791941392                                  5.468956683354441E-7
780                                               98.44634020687444                                 6.97832672857419E-7
784.9999999999999                                 98.46032931123578                                 9.540392993066283E-7
790                                               98.47386032663383                                 1.4442631249654436E-6
794.9999999999999                                 98.48685100106329                                 2.5864294802723517E-6
800                                               98.49840420577117                                 6.475053690634809E-6
