300                                               0.8236543928031995                                0.47192872720093215
305                                               0.5165942453094787                                1.0526323000512152
309.99999999999994                                0.5092350443451574                                2.263066644217854
314.99999999999994                                1.1169044227040905                                4.051472252817541
319.99999999999994                                1.3046569456534967                                6.1354472690334
325                                               0.7431265343089428                                8.650908980827468
330                                               0.2252324300204426                                11.756612968536828
335                                               0.13504774481259363                               15.219492324686533
340                                               0.2741984856527851                                18.67318193596366
345                                               0.4544047249868091                                21.91677038379037
350                                               0.6057796945600087                                24.9350339505002
355                                               0.7187355738256908                                27.827312119069298
360                                               0.7523629016334429                                30.670745109470083
364.99999999999994                                0.5402966110931661                                33.36247390854361
369.99999999999994                                0.10624525127884445                               35.529220080197085
374.99999999999994                                0.19304924064425777                               36.64796098781221
379.99999999999994                                1.810885725416196                                 36.55870581293843
385                                               4.614673722427186                                 35.93509647296992
390                                               6.5025896955445806                                35.88587144487705
395                                               5.540904171981671                                 36.98789909385501
400                                               2.4366187801304022                                38.574304567919
405                                               0.5531681307650337                                39.0986697273656
410                                               0.7952307440977943                                38.008253815694594
415                                               0.7939733146265125                                35.29294677505163
419.99999999999994                                5.746713507961043                                 28.605656619735704
424.99999999999994                                23.211692368830274                                18.73165778436012
429.99999999999994                                42.789266845673154                                11.697914949756383
434.99999999999994                                55.26078139340343                                 8.94382643880713
439.99999999999994                                56.23720118836274                                 10.377451154845637
445                                               23.629914918304596                                17.49662495024187
450                                               51.25720207637443                                 4.412090689207715
455                                               72.73237846345938                                 0.7998231393114108
460                                               80.02021127535234                                 0.2344250330154298
465                                               83.80278308209243                                 0.09394691625737743
470                                               86.25634748986703                                 0.04706745369836342
474.99999999999994                                88.0373306306358                                  0.028331737880602004
480                                               89.41514030874038                                 0.02025131969992647
484.99999999999994                                90.5255375359995                                  0.01741002291062125
490                                               91.44514304626922                                 0.018938530782719343
494.99999999999994                                92.1951992924835                                  0.030288902106641574
500                                               91.99316970836865                                 0.13477318218399179
505                                               88.96097583264405                                 0.15919328078502443
509.99999999999994                                92.97006890550378                                 0.01124494957923104
515                                               93.75845201010247                                 0.0028783367084641506
519.9999999999999                                 94.25164115988193                                 0.0011085267576408072
525                                               94.63871234816999                                 5.301613238001642E-4
530                                               94.96492219282251                                 2.924773356083501E-4
535                                               95.24839550338405                                 1.7954052109469884E-4
540                                               95.49884013400116                                 1.202288598342567E-4
545                                               95.72245296997623                                 8.683243290289471E-5
550                                               95.9236311310616                                  6.721970531937697E-5
555                                               96.1057142525652                                  5.5648527329785856E-5
560                                               96.27135444156335                                 4.9330799509457774E-5
564.9999999999999                                 96.42273116922601                                 4.708532896429954E-5
570                                               96.56169466966163                                 4.895546122508883E-5
574.9999999999999                                 96.68987873077538                                 5.6690909281022E-5
580                                               96.80880281121277                                 7.642487462354122E-5
584.9999999999999                                 96.91979384693875                                 1.3276260673951155E-4
590                                               97.01875538516637                                 4.099334971664577E-4
595                                               93.27048812484738                                 0.04113220562035315
600                                               97.09640390003584                                 3.0638651759461015E-4
605                                               97.22858328837131                                 6.328518158889029E-5
610                                               97.31652797859309                                 2.3948443487264048E-5
615                                               97.39225302300947                                 1.1704616645225012E-5
619.9999999999999                                 97.46097437697193                                 6.62391407830491E-6
625                                               97.52446085261955                                 4.1344925554335786E-6
629.9999999999999                                 97.58359630733554                                 2.773279183152379E-6
635                                               97.63894034307474                                 1.9682891941823944E-6
639.9999999999999                                 97.69090127772704                                 1.4634415683395895E-6
645                                               97.7398031157896                                  1.1322109281980598E-6
650                                               97.78591605239994                                 9.072126711891934E-7
655                                               97.82947218264596                                 7.503921097130464E-7
660                                               97.87067481437415                                 6.392481168384908E-7
665                                               97.90970444567625                                 5.60011779408274E-7
670                                               97.94672271506448                                 5.040824225534634E-7
674.9999999999999                                 97.98187542699976                                 4.6609567124822024E-7
680                                               98.015294879436                                   4.42868256717228E-7
684.9999999999999                                 98.04710186874028                                 4.3286227293462395E-7
690                                               98.0774072825487                                  4.360180265501476E-7
694.9999999999999                                 98.10631354704479                                 4.5394766660535286E-7
700                                               98.13391634302745                                 4.906498557338711E-7
704.9999999999999                                 98.16030641453872                                 5.54240788018597E-7
710                                               98.18557199668881                                 6.610930826070144E-7
715                                               98.20980264906652                                 8.46664981853239E-7
720                                               98.2330958981094                                  1.1986604637199254E-6
725                                               98.25556442573513                                 1.986559052485689E-6
729.9999999999999                                 98.27726983017368                                 4.426192068210275E-6
735                                               98.29519668467933                                 2.229883252185191E-5
739.9999999999999                                 98.21646411867017                                 1.3272146735870773E-4
745                                               98.32280289446945                                 6.076967962121928E-6
749.9999999999999                                 98.34597398024151                                 1.7602156849981568E-6
755                                               98.36490639717293                                 7.871829996424623E-7
759.9999999999999                                 98.38232180994216                                 4.3074654349898597E-7
765                                               98.39878516051861                                 2.6537701104842204E-7
770                                               98.41450012192463                                 1.769518820909937E-7
775                                               98.42956813909962                                 1.2493632080057875E-7
780                                               98.44405204848648                                 9.215733549715938E-8
784.9999999999999                                 98.45799695856667                                 7.039404472329615E-8
790                                               98.47143851136389                                 5.533991315817243E-8
794.9999999999999                                 98.48440663848963                                 4.457674144662951E-8
800                                               98.4969274677797                                  3.6669536796210766E-8
