
300                                               0.6121846100150139                                0.09514688848554803
304                                               0.418420512823311                                 0.15769913351117087
307.99999999999994                                0.2968392588430109                                0.24811088191204775
312                                               0.1947302169829529                                0.3929711692197174
316                                               0.07486049431325267                               0.6409810710318972
319.99999999999994                                0.0010306711708522795                             1.065614188373677
324                                               0.21199351619567824                               1.7407803165084605
328                                               1.01316608662709                                  2.6323239214991996
331.99999999999994                                2.271186186904577                                 3.494370297626976
336                                               3.2686561772125415                                4.0915585046529275
340                                               3.527208420499866                                 4.481224755650794
343.99999999999994                                3.157601511849073                                 4.864018083139178
348                                               2.500476345194684                                 5.381985613478339
352                                               1.902933409155639                                 6.087476230443518
355.99999999999994                                1.6938810422830135                                6.959443499876415
360                                               2.166061987391438                                 7.9111358673903105
364                                               3.4752136588856763                                8.806928681575323
367.99999999999994                                5.496090336371832                                 9.537660648055079
372                                               7.774917988146179                                 10.029520382141648
376                                               9.70467775114756                                  10.29047865878369
379.99999999999994                                10.775002009190512                                10.43680925716624
384                                               10.703238284611635                                10.551120208221155
388                                               9.560574709421186                                 10.638665753746672
391.99999999999994                                7.595534920959494                                 10.65654687006931
395.99999999999994                                5.017617788917458                                 10.668860167691205
400                                               2.425949553056214                                 10.66693251066127
403.99999999999994                                0.6018545812175355                                10.61810989628855
407.99999999999994                                0.007848774978811266                              10.480539403867008
412                                               0.3621353943328527                                10.14950027824258
415.99999999999994                                1.1607825915617735                                9.822161896080365
419.99999999999994                                3.282050436866025                                 9.117976300708445
424                                               10.597730143158836                                7.316593459809623
427.99999999999994                                24.475159429867972                                4.752509215145636
431.99999999999994                                38.99105788994389                                 2.692549380742755
436                                               49.80085911766276                                 1.4861966856389357
439.99999999999994                                57.41449622261167                                 0.8601845747725282
443.99999999999994                                62.7893308044305                                  0.5384345581512433
448                                               66.73860788422918                                 0.35876655174223704
451.99999999999994                                70.00492879658499                                 0.24642953135304427
455.99999999999994                                73.22944655528785                                 0.16578723264894943
460                                               76.7515789217276                                  0.1029894518989351
463.99999999999994                                80.08260342655295                                 0.06188298500050627
467.99999999999994                                82.9167370869384                                  0.03666758615375216
472                                               85.15372977050451                                 0.022007772288936796
475.99999999999994                                86.864137031817                                   0.013668751824855784
480                                               88.17336104821504                                 0.008858936480428426
484                                               89.19267616061344                                 0.005971902616411895
487.99999999999994                                90.0077852719912                                  0.004137142577684053
491.99999999999994                                90.68672459125993                                 0.0028904964568970534
495.99999999999994                                91.28544133763316                                 0.001996543572734483
500                                               91.84109575796374                                 0.001352391538553771
504                                               92.36897544183216                                 8.774011303860857E-4
508                                               92.87983102408617                                 5.34493925966729E-4
511.99999999999994                                93.345670533463                                   3.301791000999215E-4
516                                               93.76111768788329                                 2.0797900112503294E-4
519.9999999999999                                 94.12825556854483                                 1.3475751236290763E-4
523.9999999999999                                 94.4522264106697                                  9.038557627477669E-5
528                                               94.73893737745986                                 6.28852825468916E-5
532                                               94.99372920602127                                 4.52852775737243E-5
536                                               95.22099171455726                                 3.3559263455113555E-5
540                                               95.42400307259264                                 2.5642811456255203E-5
543.9999999999999                                 95.60754624538768                                 2.0047044522773936E-5
547.9999999999999                                 95.77922519940557                                 1.393218362252499E-5
552                                               95.93341952029033                                 1.0023722727835881E-5
556                                               96.07478371378626                                 7.720834373112806E-6
560                                               96.20555891858757                                 6.3795057549414415E-6
564                                               96.32659524268263                                 5.7466764774211385E-6
567.9999999999999                                 96.43846998913017                                 5.668721672248683E-6
571.9999999999999                                 96.54160045034428                                 6.1145774959348585E-6
576                                               96.63648367451482                                 7.142626618957266E-6
580                                               96.7240511648378                                  8.864572995142245E-6
584                                               96.80700863811906                                 1.1224346484332107E-5
588                                               96.8929675187511                                  1.2544611880786304E-5
591.9999999999999                                 96.97927389858549                                 1.0590380175312613E-5
595.9999999999999                                 97.0559930061453                                  1.1913352776800159E-5
600                                               97.13699247976801                                 1.1916785786594883E-5
604                                               97.21403155250982                                 1.0554545331845591E-5
608                                               97.2837633383949                                  9.076502870836014E-6
612                                               97.3468428363706                                  7.947455440614394E-6
615.9999999999999                                 97.40460383027039                                 7.226384923645798E-6
619.9999999999999                                 97.45802797166358                                 6.878115441982939E-6
624                                               97.50770609666385                                 6.885140136138068E-6
628                                               97.55385776541604                                 7.294279963421707E-6
632                                               97.59623677164667                                 8.247952481199956E-6
636                                               97.63321471844327                                 1.000846541389622E-5
639.9999999999999                                 97.66370710883321                                 1.1529413486843437E-5
643.9999999999999                                 97.69805606798894                                 1.3573332842911829E-5
648                                               97.71759307135353                                 2.1807720780721956E-5
652                                               97.70792815004882                                 3.988115597711628E-5
656                                               97.67409069781732                                 6.46490927946632E-5
660                                               97.73761112304446                                 4.990081826946321E-5
663.9999999999999                                 97.83522475043576                                 2.396603297474209E-5
667.9999999999999                                 97.89726875905133                                 1.2052655370927917E-5
672                                               97.9405026376759                                  6.855019931805168E-6
676                                               97.97536904422259                                 4.319327535480233E-6
680                                               98.00591899466914                                 2.9398175514480216E-6
684                                               98.03380369727681                                 2.1215102590285175E-6
687.9999999999999                                 98.05972225687808                                 1.6042432688046032E-6
691.9999999999999                                 98.08389488208358                                 1.296118339599375E-6
696                                               98.10750924441456                                 1.1235214039107198E-6
700                                               98.13033078170557                                 9.512598015051021E-7
704                                               98.15199932810862                                 8.21349438772384E-7
708                                               98.17274157586104                                 7.284209329027257E-7
711.9999999999999                                 98.19267126238948                                 6.622826472133037E-7
715.9999999999999                                 98.21185844450522                                 6.164434726132526E-7
720                                               98.23035503556741                                 5.869632008956976E-7
724                                               98.24820408625347                                 5.716578857020957E-7
728                                               98.26544049238103                                 5.697565951076493E-7
732                                               98.28209393981697                                 5.818761408795858E-7
735.9999999999999                                 98.29818666959589                                 6.102397867696318E-7
739.9999999999999                                 98.31372113701472                                 6.59303222489943E-7
744                                               98.32864273152623                                 7.34414120752195E-7
748                                               98.34308780430648                                 8.346922051804037E-7
752                                               98.35730666462082                                 1.0005514252466036E-6
756                                               98.37095619235748                                 1.2864393681687395E-6
759.9999999999999                                 98.3839226732006                                  1.7998210342525562E-6
763.9999999999999                                 98.39584589021278                                 2.8538498832260688E-6
768                                               98.40507067807914                                 5.604066434133363E-6
772                                               98.39974644253526                                 1.7246485444402087E-5
776                                               98.2181734921806                                  1.1658121529984897E-4
780                                               98.39506436873184                                 1.9692217502026044E-5
783.9999999999999                                 98.43982995708961                                 4.857189963030951E-6
787.9999999999999                                 98.458215583201                                   2.0170845433764634E-6
791.9999999999999                                 98.47163166593872                                 1.0608073128313983E-6
796                                               98.48323849313249                                 6.397065505874755E-7
800                                               98.49391556167932                                 4.308665626989162E-7
