500                                               11.477044950573932                                0.1618579182832874
505                                               11.608708988227248                                0.5527983732391171
509.99999999999994                                12.449551925749384                                0.4847895183327639
515                                               13.689489141207378                                0.39063256838877325
519.9999999999999                                 15.386954069193335                                0.3010001442081715
525                                               17.58072897883058                                 0.2206348584418054
530                                               20.278997240947316                                0.1549122380113136
535                                               23.4305101260729                                  0.10360928820727794
540                                               26.947340962364862                                0.06685859440464406
545                                               30.701565565522195                                0.04125806915492957
550                                               34.55668892973816                                 0.024639998091433402
555                                               38.38427392806057                                 0.013306210190316395
560                                               42.08220763223969                                 0.00671830361426958
564.9999999999999                                 45.567592626876504                                0.0038793982237016185
570                                               48.7945099378598                                  0.0020548092585890693
574.9999999999999                                 51.73500307971831                                 0.0010465060931935603
580                                               54.37645280565213                                 5.167032782183657E-4
584.9999999999999                                 56.71524044488028                                 2.4099005232342292E-4
590                                               58.753222624004785                                1.1452626980174108E-4
595                                               60.49595514519067                                 2.5304010030390313E-5
600                                               61.95304428394668                                 1.8837302291543003E-5
605                                               63.141035451284175                                6.0759269442870426E-6
610                                               64.08779398992989                                 2.0865708684686276E-6
615                                               64.8347436157111                                  7.281596706193879E-7
619.9999999999999                                 65.43285373765568                                 2.0731158978623847E-7
625                                               65.93381725270054                                 5.4889349950858075E-8
629.9999999999999                                 66.38240325943624                                 5.5655250660475595E-9
635                                               66.80892272355686                                 1.1442425749007234E-9
639.9999999999999                                 67.22247279497189                                 4.575481218768427E-9
645                                               67.61397991402339                                 2.221356319455109E-7
650                                               67.9637028709389                                  7.004484654457308E-6
655                                               68.23879200371188                                 9.44763465282022E-5
660                                               68.3881412634116                                  5.515660333736014E-4
665                                               68.34642934430038                                 0.0021863797525903316
670                                               68.03215488609129                                 0.004433123349322967
674.9999999999999                                 67.35376652126887                                 0.016170804287422978
680                                               66.190179667772                                   0.04163686842095168
684.9999999999999                                 64.50342901260998                                 0.09681727584272258
690                                               62.46467378551046                                 0.2150785239227229
694.9999999999999                                 60.637906505620265                                0.31195822228408215
700                                               59.359483565544316                                0.896251704118782
704.9999999999999                                 59.26696993170406                                 0.794816072481504
710                                               57.442989390408925                                1.7702777965589989
715                                               56.24969699010648                                 1.6709416981277008
720                                               49.735213176247775                                0.519606034369897
725                                               39.87223483203343                                 0.0013776108380231494
729.9999999999999                                 30.61755042722334                                 0.48392186953719024
735                                               29.205740215952446                                2.3523500191479445
739.9999999999999                                 30.032182989232968                                2.23032164362249
745                                               40.964758159322926                                5.083528273401694
749.9999999999999                                 41.90323546415338                                 2.2428203029587124
755                                               57.82361582532959                                 4.073737953148983
759.9999999999999                                 61.756041364491345                                5.5441291063330835
765                                               63.60604750554025                                 6.7393752660861885
770                                               64.43821866839905                                 6.993248964416323
775                                               62.226567436137515                                10.071534933446816
780                                               58.450964914379064                                13.165402620820476
784.9999999999999                                 51.49155312364544                                 17.269190692763317
790                                               52.89152316993908                                 15.606166668853081
794.9999999999999                                 21.891601321912102                                0.045257366919278584
800                                               63.07043839045653                                 14.271652580677511
804.9999999999999                                 49.54740348383262                                 26.847253829235804
810                                               71.15232920421512                                 1.4293029717764913
814.9999999999999                                 55.19355057889953                                 11.258415291137736
820                                               43.31237563795309                                 19.11401377116145
825                                               32.755927333533705                                26.412270930979478
830                                               22.107090060235905                                35.02711250484115
835                                               36.52194311909462                                 17.348775136302404
839.9999999999999                                 16.300701651758086                                31.83025632583049
845                                               2.637396312355295                                 47.33209347321952
849.9999999999999                                 0.18647132420238974                               51.90108302511167
