350                                               2.210815725156011                                 4.564356759743894
355                                               2.1793843247894262                                1.6270957420707672
360                                               1.187512159484217                                 3.3239419539404236
364.99999999999994                                2.8387538354096673                                2.105367640809978
369.99999999999994                                5.681063940855756                                 0.9501614765596144
374.99999999999994                                8.918939582534                                    0.3164770874039135
379.99999999999994                                12.126608983761246                                0.03185541594005476
385                                               15.220011749294882                                0.12630747993041633
390                                               18.035232646463754                                0.08470677298347068
395                                               20.7204166819554                                  0.03853231740123058
400                                               23.255868468550617                                0.017164329610241617
405                                               25.726379294280083                                0.00832983741275858
410                                               28.188743685571243                                0.003966646920300812
415                                               30.707564864956215                                0.0018178381977080938
419.99999999999994                                33.288327312281424                                8.581986631425993E-4
424.99999999999994                                35.88555709542416                                 3.522084114056948E-4
429.99999999999994                                38.43368735358284                                 2.253211298345611E-4
434.99999999999994                                41.110748147544804                                1.0235853894177186E-4
439.99999999999994                                43.99547315422584                                 3.692419679226553E-5
445                                               46.95993127028749                                 4.175119543133259E-5
450                                               49.679495322199855                                1.4307418153883105E-5
455                                               52.06648564529209                                 4.38263966150603E-6
460                                               54.46629518535519                                 1.5862419543413298E-6
465                                               56.359920094076976                                8.040129352625028E-7
470                                               58.27242768872155                                 2.9429015968359356E-7
474.99999999999994                                59.475251598909395                                1.0881183249862869E-7
480                                               60.44091474674684                                 3.471419544193035E-8
484.99999999999994                                61.31236586709811                                 1.2251402421473196E-8
490                                               61.101386831216686                                1.741499396173593E-9
494.99999999999994                                61.1901100431251                                  3.406167968027314E-9
500                                               60.714931803195896                                4.193638315053971E-8
505                                               60.077525190877054                                9.854837286820695E-8
509.99999999999994                                59.45814024862772                                 1.990714866925419E-9
515                                               58.81321180871404                                 1.4227198755571085E-6
519.9999999999999                                 57.65148202725111                                 1.9713617716563843E-5
525                                               55.65074892862718                                 1.8848257465453662E-4
530                                               53.761474867829996                                5.6306056575638E-4
535                                               53.012926817979974                                0.0023856937673031103
540                                               51.55257755265117                                 0.008199840389589335
545                                               49.262559230695516                                0.021891358630722883
550                                               47.010139619197                                   0.07857891625764621
555                                               47.00560611360818                                 0.14884434825871634
560                                               46.58459070810268                                 0.19921347132219874
564.9999999999999                                 52.767667492319326                                0.17765613725074386
570                                               58.80506236924897                                 0.06353664666380901
574.9999999999999                                 64.70391128202243                                 0.10445627360262753
580                                               66.18924621495927                                 0.3744601405470851
584.9999999999999                                 66.73619582869917                                 0.3627624938247302
590                                               49.76850850594355                                 1.3266350611099769
595                                               50.75695280661366                                 1.6115041695230476
600                                               61.98071798244812                                 2.9704102395425758
605                                               62.715059814161464                                4.50609899299527
610                                               46.008126538593764                                10.359092752221033
615                                               18.0839257702895                                  19.742595343490656
619.9999999999999                                 18.902898139631105                                25.424773855975616
625                                               42.517588176231044                                22.357278361991856
629.9999999999999                                 54.865472594825384                                20.432140057580195
635                                               68.49275334790784                                 12.279700306697773
639.9999999999999                                 66.24919918278323                                 16.344604378396554
645                                               62.684050559650906                                19.4172107111928
650                                               56.15006546120851                                 23.700860713804268
655                                               45.38940531459507                                 31.1820198748349
660                                               35.290487108340564                                29.170440604083325
665                                               15.975982856054982                                50.470218061398754
670                                               3.7140128947617645                                57.16022120866538
674.9999999999999                                 1.7227151646104593                                63.03769915046617
680                                               7.969598781058905                                 59.47870756513966
684.9999999999999                                 24.648423364153885                                42.575166089753445
690                                               30.038760860667058                                48.146405872483086
694.9999999999999                                 39.01296614078493                                 42.704798613557585
700                                               45.86891567830088                                 38.373626373745104
704.9999999999999                                 51.00813296360355                                 35.33605039543698
710                                               54.1059804200934                                  33.48133420663502
715                                               59.38780475369428                                 25.29837661954542
720                                               60.695122005848134                                29.078206426870928
725                                               60.34301601600349                                 29.707645568716558
729.9999999999999                                 63.46013808748815                                 27.23067310715719
735                                               62.94497902431103                                 28.056192258566522
739.9999999999999                                 62.63668611317239                                 28.46867016830497
745                                               63.38829120597017                                 27.56493632099687
749.9999999999999                                 58.431008382077934                                32.09199162790744
755                                               57.633052888875504                                33.054882212431
759.9999999999999                                 54.68282563884519                                 35.79527943128088
765                                               73.49371041851997                                 18.300569994005272
770                                               83.01016601064408                                 10.350067211963244
775                                               59.40094558902235                                 29.323446632676408
780                                               65.56935150024053                                 24.91968043573594
784.9999999999999                                 45.05390838947049                                 41.422138333517125
790                                               45.59766077753921                                 40.66104221103193
794.9999999999999                                 25.191488351939373                                47.07338312456096
800                                               22.571559973974907                                62.03105342839337
