350                                               3.0614925915386033                                6.760467724176537
355                                               3.365008264841714                                 5.8376904799368114
360                                               4.186739955389485                                 4.076885770848946
364.99999999999994                                4.785840061839245                                 1.8632730520696315
369.99999999999994                                5.047282506898785                                 1.2705005554868212
374.99999999999994                                5.344894352102809                                 0.5456917662172409
379.99999999999994                                5.745263375346974                                 0.23413277481528977
385                                               6.336658863836915                                 0.09960463580512659
390                                               7.089072087222502                                 0.04277879567668168
395                                               7.981766768891814                                 0.014512234450118395
400                                               9.002161335062093                                 0.008836394969624644
405                                               10.109292693307218                                0.0044618352269725535
410                                               11.247131439743544                                0.0013366179836399534
415                                               12.411412110821086                                7.102647005619231E-4
419.99999999999994                                13.673222003028615                                4.069095198819063E-4
424.99999999999994                                15.27203013454831                                 2.242276623882491E-4
429.99999999999994                                17.20717180927588                                 1.3734518511826683E-4
434.99999999999994                                19.363534733897385                                7.681141222783869E-5
439.99999999999994                                21.694697759155453                                4.43025515811095E-5
445                                               24.07939892802571                                 2.4133021490612303E-5
450                                               26.738702580533346                                1.039902669154555E-5
455                                               29.433784690251326                                3.8087629553330252E-6
460                                               32.13493836674519                                 1.7311485146353686E-6
465                                               34.688317109614104                                6.185416322773738E-7
470                                               36.87462259270422                                 2.1484538659282498E-7
474.99999999999994                                38.37999850721159                                 7.646825028576684E-8
480                                               39.14816874431929                                 2.8964774656583345E-8
484.99999999999994                                39.00067703851287                                 1.2478902055832977E-7
490                                               39.73989307446695                                 4.851064007526362E-6
494.99999999999994                                41.78197729906246                                 1.453945492846991E-5
500                                               42.4993734724484                                  4.622183778052765E-5
505                                               42.98758682621418                                 4.9407957455963535E-5
509.99999999999994                                41.055841265072495                                1.213198459526423E-4
515                                               40.28318920970438                                 1.406071272989012E-4
519.9999999999999                                 38.44845550046494                                 2.0344227931123565E-4
525                                               36.84844722673221                                 3.115263614223377E-4
530                                               35.96121184605088                                 0.001234001768962445
535                                               32.53928359371972                                 0.002998872730013525
540                                               32.44998553829753                                 0.004262300538059735
545                                               31.464370149641564                                0.008915265647357657
550                                               30.089235571334726                                0.021199546145282168
555                                               28.908140529888527                                0.03153570216042901
560                                               27.86863057060261                                 0.029300662006056917
564.9999999999999                                 28.719582043390073                                0.02758001508011397
570                                               32.24384788579317                                 0.0237414204392066
574.9999999999999                                 38.533355415089076                                0.013271051092737938
580                                               39.93341041616662                                 0.018138547386613933
584.9999999999999                                 40.36479317767469                                 0.10419880151298208
590                                               48.15365874792191                                 0.03726846842480479
595                                               51.13045532393695                                 0.14286235158218813
600                                               49.244674236792605                                1.3714732150890774
605                                               47.801969041275015                                3.8215042096778844
610                                               28.629899318397538                                9.013386466093774
615                                               11.763092159100896                                11.850498190054426
619.9999999999999                                 22.891790547343856                                13.349754255885607
625                                               44.63797071887466                                 13.820814169150767
629.9999999999999                                 54.68403171938885                                 13.299645479553181
635                                               57.458460810050425                                13.103588032351999
639.9999999999999                                 53.82958371433442                                 11.784342247149832
645                                               48.356527936752464                                10.732144881912236
650                                               29.31661522780263                                 10.58302648999247
655                                               38.91806546327615                                 14.012995632047053
660                                               39.43052469902603                                 18.32811129547347
665                                               28.0987375365721                                  27.89310114870794
670                                               26.806951614483836                                20.75939718304999
674.9999999999999                                 0.40332786959435557                               38.5702169393608
680                                               4.506957841003979                                 52.50392678477645
684.9999999999999                                 12.524107086694219                                48.91616656550382
690                                               19.76074976716737                                 47.351488499049935
694.9999999999999                                 24.883857406820866                                43.05989099279241
700                                               40.39724876324661                                 28.588893638064917
704.9999999999999                                 45.27070363924502                                 32.50379561452107
710                                               50.15449671010143                                 32.06979954400667
715                                               52.98558620696794                                 31.091159700197743
720                                               54.70490436477075                                 29.958635068479005
725                                               55.56807605678706                                 29.6807738758998
729.9999999999999                                 57.0057229773175                                  29.693250997346404
735                                               56.65155808502968                                 26.95162876568298
739.9999999999999                                 52.3639847147091                                  31.575795883031635
745                                               48.879160756223875                                30.258484854989835
749.9999999999999                                 51.69406406063577                                 29.326168284939246
755                                               52.52646381437083                                 31.964769970567044
759.9999999999999                                 51.56379623819408                                 33.23846759060359
765                                               55.088874053278815                                25.415740067206908
770                                               43.71884881630755                                 36.440602655624915
775                                               42.170941354530875                                39.620160561034496
780                                               39.18068358059582                                 42.73038958371403
784.9999999999999                                 33.743921645277716                                43.94912543880222
790                                               31.435434596628248                                44.54998022178988
794.9999999999999                                 43.54005237363571                                 38.54197319260488
800                                               57.52532653981643                                 12.934678466877664
