
300                                               6.915128697426056                                 0.41644895195829434
305                                               7.440442358442609                                 0.8534312760287798
309.99999999999994                                7.780506094835572                                 1.4259769467574281
314.99999999999994                                8.329045317881036                                 1.6935797922114886
319.99999999999994                                7.759146977830356                                 2.08532610979379
325                                               8.42946612825017                                  3.585304905342231
330                                               9.181112322599953                                 4.487991902189252
335                                               9.074150286891266                                 4.882080464754015
340                                               7.828746214530509                                 5.143144886347721
345                                               6.41981123541902                                  5.249851755864735
350                                               6.608845924057361                                 5.123748102089567
355                                               10.406499523319338                                4.01861334045519
360                                               12.69803510283641                                 0.39169820571252545
364.99999999999994                                9.840136494506035                                 1.326947393423855
369.99999999999994                                10.902437454486298                                0.9939154638792137
374.99999999999994                                9.481553423216557                                 0.4870739511133011
379.99999999999994                                7.69298858138164                                  0.24779933982258226
385                                               6.0579427804499755                                0.1793897633623724
390                                               4.7722450358558115                                0.02664790523722467
395                                               3.767552965592576                                 0.015949613153755354
400                                               3.0458127247494313                                0.008564104800643683
405                                               2.5626522975910637                                0.00425226243329992
410                                               2.277421603815939                                 0.0020879042569896464
415                                               2.1592191064583885                                0.0010343951143044704
419.99999999999994                                2.1926279357352403                                5.267734871361748E-4
424.99999999999994                                2.369276661463564                                 1.8528452146881463E-4
429.99999999999994                                2.676584507670653                                 1.2021734736414517E-4
434.99999999999994                                3.123589942361553                                 4.0929363530477945E-5
439.99999999999994                                3.798249227460917                                 3.1509218081398256E-5
445                                               4.682635525354764                                 1.702822275754731E-5
450                                               5.741074418454157                                 8.505120084383966E-6
455                                               6.9722597711731655                                3.98009434871998E-6
460                                               8.357357149783                                    1.5010895901299535E-6
465                                               9.870984625184567                                 6.594916647722453E-7
470                                               11.519118294586494                                3.0207221177459615E-7
474.99999999999994                                13.224481207220318                                1.005069757282534E-7
480                                               14.908648302011585                                1.2083408452627006E-7
484.99999999999994                                16.48503577602846                                 1.2690140004312404E-5
490                                               17.788526190378253                                2.178485842325534E-4
494.99999999999994                                18.80614644362853                                 0.0014103187347825445
500                                               19.735007218220478                                0.0045636980443513895
505                                               20.52374652703542                                 0.011359307368042764
509.99999999999994                                21.127615260799793                                0.023080596385115015
515                                               21.594783581444435                                0.03494487121791826
519.9999999999999                                 21.977746774479357                                0.04907839589404862
525                                               23.166665801003866                                0.060187862689382594
530                                               23.151738015306606                                0.05527274883132181
535                                               23.984734759975463                                0.06549366946587301
540                                               23.102437415978567                                0.05051866842185781
545                                               24.149095645430613                                0.0711330912868826
550                                               22.488091689837642                                0.04653677617814894
555                                               22.10332141239065                                 0.012777476189091622
560                                               22.207626956608575                                0.006090588163591322
564.9999999999999                                 20.446118242549723                                0.005255578837633312
570                                               18.252644913078356                                0.006524473933598869
574.9999999999999                                 16.232223379874377                                0.010325138777829722
580                                               13.82699329949869                                 0.031226376727847643
584.9999999999999                                 10.504267822326332                                0.06654690975531914
590                                               6.785771590521353                                 0.09314782597315506
595                                               3.4137448967973967                                0.43700124830284487
600                                               3.0202654006026863                                1.7628326696107404
605                                               8.910786090484207                                 6.419940316413126
610                                               9.084138034307063                                 10.521681920151028
615                                               2.4661364401486985                                10.056968766144578
619.9999999999999                                 1.7718472549758497                                10.117178703758897
625                                               7.350427555360244                                 11.022090809111422
629.9999999999999                                 16.642805724035632                                12.548302779895204
635                                               28.209673460870327                                14.844905612291772
639.9999999999999                                 37.87731519987563                                 17.303212808749322
645                                               44.03500947838428                                 18.485661249007062
650                                               43.72880456873824                                 22.958140020479593
655                                               39.448453871174216                                26.532480026170553
660                                               32.01472230781017                                 30.432773726739192
665                                               23.144213022889325                                34.05830558090536
670                                               15.731261233287016                                35.91773495596192
674.9999999999999                                 13.663231480202679                                35.608504725300456
680                                               23.890572359499803                                23.24534233530226
684.9999999999999                                 3.6455530967471743                                59.66533681858651
690                                               17.658014842838895                                44.91438093097617
694.9999999999999                                 32.27145985734288                                 34.82942344670223
700                                               5.314282947177303                                 61.27970812629102
704.9999999999999                                 44.97561868601334                                 23.185173117810987
710                                               42.23746956087159                                 35.55017067093595
715                                               46.607537739547375                                33.9656601272938
720                                               50.02781614883236                                 32.60436889782145
725                                               52.37392114259034                                 31.675779120798264
729.9999999999999                                 54.05862804181868                                 31.333157734967358
735                                               55.280780858797925                                31.11881971743649
739.9999999999999                                 56.014443325672104                                31.039819885164693
745                                               56.478442440194776                                30.991176565108194
749.9999999999999                                 57.155980056775014                                30.54766856962428
755                                               55.816934016948906                                31.206174769547065
759.9999999999999                                 61.67268320371764                                 26.099317350128263
765                                               73.4584032257792                                  13.636300194463475
770                                               36.148908980371765                                39.45512882316038
775                                               8.88209282095381                                  73.37876907355542
780                                               21.52997625436209                                 55.57142376757829
784.9999999999999                                 17.26568914634359                                 65.6731985498362
790                                               15.517082461649705                                67.77854076716271
794.9999999999999                                 12.495130924283472                                69.45211613939212
800                                               10.66622871880042                                 67.7573199950804
