
300                                               2.223239786333709                                 1.7070266246123127
305                                               1.7247548309354794                                2.8950317603689073
309.99999999999994                                1.2248013247277305                                4.502545612544031
314.99999999999994                                0.800910422085923                                 6.413155713091335
319.99999999999994                                0.5584251759704983                                8.45301618462511
325                                               0.5380831708818691                                10.434283834386829
330                                               0.6828143294331013                                12.171380951837374
335                                               0.9239883967217536                                13.492020002913366
340                                               1.290008388173881                                 14.285708867613643
345                                               1.8358036335928904                                14.505459674542504
350                                               2.4889384629076314                                14.015078338382958
355                                               3.5732952172896826                                12.58080385252258
360                                               6.7221821471745375                                10.005908889034234
364.99999999999994                                14.670013179380376                                6.634916937669854
369.99999999999994                                27.617548951377692                                3.6660859964977144
374.99999999999994                                41.57821869112669                                 1.7697935222614816
379.99999999999994                                53.310312024680016                                0.7979786331072316
385                                               62.19515810840193                                 0.3521807883963634
390                                               68.86193538526719                                 0.15760457292274305
395                                               73.92740502456193                                 0.07186073847579916
400                                               77.40656133334235                                 0.03245855033584524
405                                               80.06255717865893                                 0.015060313283209515
410                                               82.09421129897432                                 0.007572354245618103
415                                               83.5616837633519                                  0.003534874955755225
419.99999999999994                                84.4431353001162                                  0.0014783031612144292
424.99999999999994                                84.8993605478641                                  8.862108266842207E-4
429.99999999999994                                85.65740735512703                                 4.176186312705422E-4
434.99999999999994                                86.49420302894703                                 2.0302614584489484E-4
439.99999999999994                                87.47971530919257                                 1.0134186363911613E-4
445                                               87.74030878763453                                 4.6657100581524884E-5
450                                               88.27905173315845                                 2.2449574879904986E-5
455                                               88.7308470092662                                  1.2337569066633823E-5
460                                               88.72838975201574                                 4.551458887527147E-6
465                                               89.07961604518549                                 2.050976521115361E-6
470                                               87.7410723717555                                  8.722174796235719E-7
474.99999999999994                                86.4778080794493                                  3.9378039471292706E-7
480                                               83.72162367307907                                 8.008286454734734E-8
484.99999999999994                                84.00896146233649                                 1.8706224657978244E-7
490                                               84.93125245581828                                 8.820946073769117E-7
494.99999999999994                                85.70839655969587                                 2.6442292600749915E-6
500                                               86.72279481144139                                 4.64728391472331E-6
505                                               88.05810367298668                                 1.2406823265896465E-4
509.99999999999994                                87.803230727232                                   4.106568025700457E-4
515                                               85.5647790242837                                  9.32671280449029E-4
519.9999999999999                                 85.1438753294164                                  0.0017827960865353172
525                                               85.17669331207335                                 0.001591316581580676
530                                               87.44541030403079                                 0.002651319168686029
535                                               90.03203646699592                                 0.006284473555512023
540                                               92.26613850017236                                 0.0016363806067965375
545                                               92.77509718555233                                 8.218940491889002E-4
550                                               93.38808118006646                                 6.331184997332667E-4
555                                               92.74254340371655                                 0.006040086330554654
560                                               92.07355949490447                                 0.04300849954209448
564.9999999999999                                 90.51732074014616                                 0.09976066991563429
570                                               84.66177460887137                                 0.40437551671545474
574.9999999999999                                 70.50605018110807                                 1.9848513251320574
580                                               79.92833709678926                                 2.1034878803397916
584.9999999999999                                 84.64397340270953                                 1.880416808379938
590                                               82.7229450925733                                  2.5567802015891257
595                                               73.69154879828588                                 4.914143463859447
600                                               49.778810086668315                                11.947049102554045
605                                               22.877325786499583                                20.543760127496018
610                                               37.94949681077696                                 19.800401673665995
615                                               63.04056687020314                                 14.058071903666969
619.9999999999999                                 72.93800501953993                                 11.255999818931658
625                                               75.87359989821329                                 10.641519662072604
629.9999999999999                                 75.39124199132108                                 11.302693086720545
635                                               72.41523175123564                                 13.287747561859044
639.9999999999999                                 66.49394030508027                                 16.87454715016613
645                                               56.84198659543783                                 22.733520994620996
650                                               42.465984269113235                                31.713623541251092
655                                               23.974817648726674                                43.76658055239491
660                                               7.05982240730882                                  55.70433866316627
665                                               1.5594260835701617                                61.16989045206499
670                                               9.82439216374126                                  57.71079993009094
674.9999999999999                                 23.637832322829063                                50.113653764978594
680                                               37.0607096192441                                  42.438845980113406
684.9999999999999                                 47.30288164055401                                 36.23714888268562
690                                               54.61587886905491                                 31.703480657010626
694.9999999999999                                 59.70060547209588                                 28.49864259431275
700                                               63.20503760803086                                 26.2194869480733
704.9999999999999                                 65.35309105882402                                 24.8988127804047
710                                               66.6447659728184                                  24.294745357816264
715                                               67.29507777553815                                 24.034079737340747
720                                               67.38460961394483                                 24.13900695463998
725                                               66.97809358502491                                 24.59566017586383
729.9999999999999                                 66.12100091568477                                 25.384388541783192
735                                               64.8369798292741                                  26.496606803553284
