300                                               8.914129680384173                                 9.572872074244037
305                                               10.332941646317273                                11.397931195477064
309.99999999999994                                11.057749338060768                                13.729520032137314
314.99999999999994                                11.059051346787895                                16.433166533236843
319.99999999999994                                10.475712520946239                                19.352262900707444
325                                               9.519107709206526                                 22.300951346470004
330                                               8.419682268178068                                 25.09768333326709
335                                               7.383691595768993                                 27.616615163293652
340                                               6.552731628348712                                 29.81267526023757
345                                               5.98564854971749                                  31.707937106673395
350                                               5.6751640686649205                                33.34204741537488
355                                               5.604289655068048                                 34.722297203525
360                                               5.739258989744917                                 35.8830972709813
364.99999999999994                                6.004973166172729                                 36.826452672181624
369.99999999999994                                6.325320295265705                                 37.47860745249224
374.99999999999994                                6.647800110869542                                 37.6859834124394
379.99999999999994                                7.010477870032632                                 37.397832635287536
385                                               7.294031930833023                                 36.81888713651366
390                                               7.410318535863633                                 35.939916535325025
395                                               7.3665846815052545                                34.766881238262165
400                                               7.1952865946280085                                33.360786469429506
405                                               6.93008448390931                                  31.82390331684659
410                                               6.526809478917417                                 30.25087103274337
415                                               5.850180488514338                                 28.315322988780053
419.99999999999994                                5.585958123208341                                 26.16674774285048
424.99999999999994                                5.460941905235827                                 24.421859974633616
429.99999999999994                                5.30183348013636                                  22.807506316883874
434.99999999999994                                5.136553384713259                                 21.271378841370016
439.99999999999994                                4.968716100808027                                 19.796712724265692
445                                               4.800359570998085                                 18.377616488031183
450                                               4.637954454117164                                 17.0152149825589
455                                               4.4991014385669805                                15.720280703432959
460                                               4.337561995562363                                 14.472665728671855
465                                               3.7306746483751283                                12.973643101730254
470                                               3.449732233410908                                 11.695446158730409
474.99999999999994                                3.2898903824765053                                10.53834920514517
480                                               3.1650901724999985                                9.438269036064776
484.99999999999994                                3.0823200714493293                                8.396109345482607
490                                               3.0503568610131073                                7.417469122472304
494.99999999999994                                3.0717254891314028                                6.506793070141151
500                                               3.148066407462983                                 5.668718616234529
505                                               3.269094154907295                                 4.902669276345562
509.99999999999994                                3.425130231506262                                 4.213933962757222
515                                               3.612493221302205                                 3.602191421257857
519.9999999999999                                 3.8239804980805756                                3.06687405498074
525                                               4.054806900132303                                 2.6070248914256213
530                                               4.302160944277381                                 2.221388098807357
535                                               4.5680427893338145                                1.9082116318669262
540                                               4.838210481051757                                 1.6674291544039148
545                                               5.058585606079816                                 1.5020853165428498
550                                               4.98646839639691                                  1.4248376840214263
555                                               4.110072680375332                                 1.4100856259890193
560                                               6.4859865563626755                                1.2057409244987838
564.9999999999999                                 8.50899058365635                                  1.2023844850185965
570                                               10.015251037007078                                1.283534420509654
574.9999999999999                                 11.642121378163568                                1.4044281927546594
580                                               13.530204616835434                                1.5541106187812161
584.9999999999999                                 15.74821500333198                                 1.7271976415721717
590                                               18.27297310489259                                 1.9153524246957234
595                                               21.09954923181128                                 2.110365192243374
600                                               24.1921719100761                                  2.304215682343448
605                                               27.442615950966193                                2.4870410010469977
610                                               30.993033729331827                                2.656131494715815
615                                               34.72730089129483                                 2.809757869845479
619.9999999999999                                 38.486786492374264                                2.9389594428178505
625                                               42.231981682950384                                3.0419206300082737
629.9999999999999                                 45.92651890290889                                 3.1182809030794685
635                                               49.53253074206885                                 3.1687613727170425
639.9999999999999                                 52.95207013687685                                 3.1928044544724883
645                                               56.07969041220947                                 3.190105482433494
650                                               58.602230171717075                                3.1551555026666676
655                                               59.09120808170692                                 3.056559391847982
660                                               52.29594765234874                                 2.80427823358479
665                                               58.23459943541468                                 2.8772448377532736
670                                               65.93324595181983                                 2.9284837502674415
674.9999999999999                                 70.01715921288547                                 2.890670031390935
680                                               72.78965388665154                                 2.824140543138339
684.9999999999999                                 75.04573874595553                                 2.7473346519762485
690                                               76.97283120803867                                 2.6650300158170266
694.9999999999999                                 78.66614582417552                                 2.580101875834712
700                                               80.17755005906653                                 2.4942278000067013
704.9999999999999                                 81.536959935135                                   2.4084990535809534
710                                               82.76692536353211                                 2.3237146051380067
715                                               83.88134770038104                                 2.2404065396794635
720                                               84.89113305738478                                 2.158959184492039
725                                               85.800899397807                                   2.079589575243363
729.9999999999999                                 86.59843064393296                                 2.0024106961502333
735                                               87.3616489005363                                  1.928727298438613
739.9999999999999                                 88.09869363199336                                 1.8575734871137541
745                                               88.74629392974914                                 1.788589967601064
749.9999999999999                                 89.32299459442824                                 1.722023714636811
755                                               89.83235457257496                                 1.6577773560447642
759.9999999999999                                 90.26426239711961                                 1.5955602682251502
765                                               90.5818851518205                                  1.5347653904490939
770                                               90.66379620318679                                 1.4739973962422526
775                                               90.05848148341839                                 1.4099615528411897
780                                               87.84324839776455                                 1.346867487404928
784.9999999999999                                 89.03863187343492                                 1.3285180339885734
790                                               91.34417237521762                                 1.2968085999440753
794.9999999999999                                 92.34557355793098                                 1.2544697084528027
800                                               92.89998532965892                                 1.2121882548716778
