300                                               2.133502014240681                                 6.865766735669447
302.99999999999994                                2.1925658877754755                                8.526456128199289
306                                               2.198152098570934                                 10.556532929194287
309                                               2.1473235850901182                                12.913694016478876
312                                               2.0390480895593615                                15.534616925145796
314.99999999999994                                1.8804334254761907                                18.33282300289402
318                                               1.6599392736562393                                21.28375930047407
321                                               1.4302553887527332                                24.269920435915306
324                                               1.2050134166321373                                27.242942352643965
326.99999999999994                                1.0107646346726527                                30.14567395368174
330                                               0.864977651861726                                 32.9306119067147
333                                               0.7753114383137892                                35.56166745236151
336                                               0.7386871071872197                                38.01554322055556
338.99999999999994                                0.7440975839213265                                40.28093560421171
342                                               0.7745426299196575                                42.35790622249241
345                                               0.8125050507390078                                44.255135001095574
348                                               0.840500161719303                                 45.98162278800454
350.99999999999994                                0.8553976758506175                                47.5674229904409
354                                               0.8475268088177819                                49.0148155940235
357                                               0.816227983112725                                 50.345150163003495
360                                               0.7608748549634641                                51.57225766408092
362.99999999999994                                0.7137562655210598                                52.693625502017966
366                                               0.6678484227448803                                53.72365864749761
369                                               0.6380410335410732                                54.66610402246372
372                                               0.6299773839716535                                55.52392658341481
374.99999999999994                                0.6460891762999242                                56.29553690331863
378                                               0.6813062553631278                                56.98603320288898
381                                               0.7259719473681476                                57.59741621364613
384                                               0.7645440680757686                                58.13304827163341
386.99999999999994                                0.7781943034353667                                58.59566983282531
390                                               0.7486357797485848                                58.984424694273095
393                                               0.6628292077697491                                59.29334173287821
395.99999999999994                                0.5175473259688129                                59.5104041237063
398.99999999999994                                0.3274817126900778                                59.603955783756916
402                                               0.13730842117440786                               59.53926252477068
405                                               0.01799504344290536                               59.248688055877444
407.99999999999994                                0.08760940041480408                               58.64924589438799
410.99999999999994                                0.5046420365684865                                57.64530717041873
414                                               1.4610543317503073                                56.12862203972708
417                                               3.1595819860048406                                54.00921099731579
419.99999999999994                                5.778345530899144                                 51.23169985902693
422.99999999999994                                9.335619004872177                                 47.49765584546212
426                                               14.167793455076067                                43.76723953644733
429                                               19.768732222594167                                39.37521187200431
431.99999999999994                                26.00908718343917                                 34.790070223445724
434.99999999999994                                32.58464519628138                                 30.239421818972662
438                                               39.19825275164675                                 25.925374276410004
441                                               45.56411304813949                                 21.980719539383717
443.99999999999994                                51.50065765817431                                 18.4846291953524
446.99999999999994                                56.8964109194228                                  15.459956609632414
450                                               61.70849547715728                                 12.8901842625122
453                                               65.94414093106622                                 10.735319000418768
455.99999999999994                                69.63323601101641                                 8.943327397474333
458.99999999999994                                72.84288938767305                                 7.463409652288255
462                                               75.62527526103304                                 6.243948811277148
465                                               78.0257739390451                                  5.239854235512703
467.99999999999994                                80.10440228016257                                 4.412858994154489
470.99999999999994                                81.91100517198315                                 3.7304593471981953
474                                               83.48136742132606                                 3.1662540677911304
477                                               84.85245160670257                                 2.6982692439174043
480                                               86.05322455545837                                 2.3089393597627077
483                                               87.11080279645951                                 1.983696466174829
485.99999999999994                                88.04387957877921                                 1.7110836033103645
488.99999999999994                                88.87216488930439                                 1.4814905807386118
491.99999999999994                                89.6117831255283                                  1.2875276757460603
494.99999999999994                                90.26861146658952                                 1.1233668983562526
498                                               90.85879576311497                                 0.9834916230182028
501                                               91.39094132270672                                 0.8640291647799263
504                                               91.87097468774552                                 0.7615872331296187
507                                               92.30571874468048                                 0.6734392523639074
509.99999999999994                                92.70124079568016                                 0.5973331542800073
512.9999999999999                                 93.06162349284082                                 0.5314090044122055
516                                               93.39115573602658                                 0.4741134313015327
519                                               93.69319052702615                                 0.4241644573204954
522                                               93.97077326565221                                 0.3804890798464116
525                                               94.22647371998232                                 0.3421841264773054
528                                               94.45193612879194                                 0.3085403824860269
531                                               94.68115606112947                                 0.2787987760184119
533.9999999999999                                 94.88390184753976                                 0.25253044703992733
536.9999999999999                                 95.07227897465486                                 0.22924637025450412
540                                               95.24766878743397                                 0.2085542566094111
543                                               95.4112400648879                                  0.19012139105026496
546                                               95.56386827835398                                 0.1736657638219005
549                                               95.7055045303119                                  0.1589324612563673
552                                               95.84087183685584                                 0.14573252656851204
555                                               95.96715441816345                                 0.1338641312392434
557.9999999999999                                 96.08556897260932                                 0.12317641940120114
560.9999999999999                                 96.1970369837245                                  0.11353316702839648
564                                               96.30211347610648                                 0.10481568070883483
567                                               96.40095637948458                                 0.09692047674142416
570                                               96.49499157384959                                 0.08975697527793003
573                                               96.57940649438524                                 0.08324534307293491
576                                               96.66770764756598                                 0.07731899545223467
578.9999999999999                                 96.74737356398398                                 0.07191435156718375
581.9999999999999                                 96.82316097577356                                 0.06697723773299646
584.9999999999999                                 96.89506469519466                                 0.06246097316596199
588                                               96.96346598768199                                 0.058322862864229136
591                                               97.02851946575387                                 0.05452813439196632
594                                               97.09057412621502                                 0.0510399931600768
597                                               97.14976808531132                                 0.04783063689325127
600                                               97.20549667519353                                 0.044871313784134816
602.9999999999999                                 97.25981309529314                                 0.042149600570589155
605.9999999999999                                 97.31168457966454                                 0.03962970073443246
608.9999999999999                                 97.36110411324054                                 0.03729994158271157
612                                               97.40833912157304                                 0.035142919665554204
615                                               97.45319021715963                                 0.03314380853261728
618                                               97.49668942331854                                 0.031285929724299624
621                                               97.53877432736712                                 0.029562572595848446
624                                               97.57894711448489                                 0.027959037876247563
626.9999999999999                                 97.61741215122576                                 0.026465892717086586
629.9999999999999                                 97.6543867877092                                  0.02507416195902945
632.9999999999999                                 97.68995451903716                                 0.02377565022883157
636                                               97.72419597805768                                 0.022562840347664617
639                                               97.75703347341762                                 0.021430003723999898
642                                               97.78889527388355                                 0.020368797700043365
645                                               97.81951940080417                                 0.019375334766765607
648                                               97.84905163772457                                 0.018444108789859078
650.9999999999999                                 97.87749346888116                                 0.017570489039793854
653.9999999999999                                 97.90507775136483                                 0.01674992903068563
656.9999999999999                                 97.93167732034667                                 0.01597899032912138
660                                               97.95728622159268                                 0.015253862326602528
663                                               97.98220699793272                                 0.014571270731425164
666                                               98.00623194798783                                 0.013928263461250352
669                                               98.02944031929245                                 0.013322238691155869
672                                               98.05200451572188                                 0.01275000254694998
674.9999999999999                                 98.07380225737899                                 0.01221002652694843
677.9999999999999                                 98.0949351000272                                  0.011699747972588282
680.9999999999999                                 98.11529010306292                                 0.011217731005085814
684                                               98.13520062875256                                 0.010761169163802445
687                                               98.1544558722192                                  0.010329170944604428
690                                               98.17330322066006                                 0.009918824980687545
693                                               98.19133299669282                                 0.0095313760523486
696                                               98.2089371809042                                  0.009163255706333443
698.9999999999999                                 98.22600082331623                                 0.008814002115167774
701.9999999999999                                 98.24263309937714                                 0.008482072960309228
704.9999999999999                                 98.25878587146552                                 0.008166678124490253
708                                               98.2744898252646                                  0.007866777683364775
711                                               98.28976355669606                                 0.007581441431445248
714                                               98.30462573011334                                 0.007309797926772526
717                                               98.31910701966865                                 0.007050932525229778
720                                               98.3330921250552                                  0.006804770796836112
722.9999999999999                                 98.34682098875795                                 0.006569582101073339
725.9999999999999                                 98.36016998077801                                 0.0063453043186461455
728.9999999999999                                 98.3731836787763                                  0.0061312321387861175
732                                               98.3858559469989                                  0.005926809920029212
735                                               98.39820743263684                                 0.005731499852768326
738                                               98.4102500226981                                  0.005544804880448997
741                                               98.42199537617873                                 0.005366257130751442
744                                               98.4334567505637                                  0.0051954106950227496
746.9999999999999                                 98.44469296662594                                 0.005031664831711515
749.9999999999999                                 98.45550266830317                                 0.004875422093130228
752.9999999999999                                 98.46614121331025                                 0.004725419586178893
756                                               98.47629979715495                                 0.004581553485121909
759                                               98.48671004419579                                 0.004443666879338466
762                                               98.49662875246578                                 0.004311383992308028
765                                               98.50631870865793                                 0.004184433342332259
768                                               98.51578750116046                                 0.004062548532418031
770.9999999999999                                 98.5250335286676                                  0.003945470029555258
773.9999999999999                                 98.53406112990866                                 0.0038330346616736693
776.9999999999999                                 98.54293099902854                                 0.0037249019474576853
780                                               98.55158628438483                                 0.0036209347095700005
783                                               98.56005140216133                                 0.003520925783451171
786                                               98.56833326544285                                 0.003424688083274681
789                                               98.57643762341026                                 0.003332045613268648
791.9999999999999                                 98.58436985000411                                 0.0032428321745290494
794.9999999999999                                 98.59213507192982                                 0.0031568906224753836
797.9999999999999                                 98.59973819706143                                 0.003074072183931816
